655 3
1.607596158981323242e+00 2.167542219161987305e+00 -1.550226211547851562e-01
1.609266281127929688e+00 2.167577028274536133e+00 -1.550226211547851562e-01
1.610936641693115234e+00 2.167690038681030273e+00 -1.550226211547851562e-01
1.612606763839721680e+00 2.167920351028442383e+00 -1.550226211547851562e-01
1.614276885986328125e+00 2.168243646621704102e+00 -1.550226211547851562e-01
1.614958763122558594e+00 2.168373823165893555e+00 -1.550226211547851562e-01
1.616684675216674805e+00 2.168373823165893555e+00 -1.550226211547851562e-01
1.615947008132934570e+00 2.168430566787719727e+00 -1.550226211547851562e-01
1.607596158981323242e+00 2.165033578872680664e+00 -1.555855274200439453e-01
1.607596158981323242e+00 2.166703462600708008e+00 -1.551892757415771484e-01
1.609266281127929688e+00 2.165033578872680664e+00 -1.556036472320556641e-01
1.609266281127929688e+00 2.166703462600708008e+00 -1.552004814147949219e-01
1.610936641693115234e+00 2.166703462600708008e+00 -1.552243232727050781e-01
1.612606763839721680e+00 2.166703462600708008e+00 -1.552524566650390625e-01
1.614276885986328125e+00 2.166703462600708008e+00 -1.552667617797851562e-01
1.604255914688110352e+00 2.175568342208862305e+00 -1.533524990081787109e-01
1.605926036834716797e+00 2.175770521163940430e+00 -1.533524990081787109e-01
1.607596158981323242e+00 2.176042318344116211e+00 -1.533524990081787109e-01
1.605926036834716797e+00 2.193625211715698242e+00 -1.533524990081787109e-01
1.607596158981323242e+00 2.193581819534301758e+00 -1.533524990081787109e-01
1.622627735137939453e+00 2.174759626388549805e+00 -1.533524990081787109e-01
1.621238946914672852e+00 2.175054311752319336e+00 -1.533524990081787109e-01
1.624297857284545898e+00 2.174420595169067383e+00 -1.533524990081787109e-01
1.627638339996337891e+00 2.172578573226928711e+00 -1.533524990081787109e-01
1.626413106918334961e+00 2.173384428024291992e+00 -1.533524990081787109e-01
1.625968217849731445e+00 2.173669576644897461e+00 -1.533524990081787109e-01
1.629308462142944336e+00 2.171454191207885742e+00 -1.533524990081787109e-01
1.628963947296142578e+00 2.171714067459106445e+00 -1.533524990081787109e-01
1.630978584289550781e+00 2.170155286788940430e+00 -1.533524990081787109e-01
1.609266281127929688e+00 2.176672697067260742e+00 -1.533524990081787109e-01
1.609355688095092773e+00 2.176724672317504883e+00 -1.533524990081787109e-01
1.610936641693115234e+00 2.177435636520385742e+00 -1.533524990081787109e-01
1.612606763839721680e+00 2.177701234817504883e+00 -1.533524990081787109e-01
1.614276885986328125e+00 2.177476644515991211e+00 -1.533524990081787109e-01
1.617617368698120117e+00 2.176244020462036133e+00 -1.533524990081787109e-01
1.616472244262695312e+00 2.176724672317504883e+00 -1.533524990081787109e-01
1.615947008132934570e+00 2.176923990249633789e+00 -1.533524990081787109e-01
1.619287490844726562e+00 2.175625562667846680e+00 -1.533524990081787109e-01
1.620957612991333008e+00 2.175133466720581055e+00 -1.533524990081787109e-01
1.609266281127929688e+00 2.194326162338256836e+00 -1.533524990081787109e-01
1.610081911087036133e+00 2.195096731185913086e+00 -1.533524990081787109e-01
1.610936641693115234e+00 2.196054220199584961e+00 -1.533524990081787109e-01
1.611374378204345703e+00 2.196766614913940430e+00 -1.533524990081787109e-01
1.611629724502563477e+00 2.198436975479125977e+00 -1.533524990081787109e-01
1.610936641693115234e+00 2.201549291610717773e+00 -1.533524990081787109e-01
1.610881567001342773e+00 2.201777219772338867e+00 -1.533524990081787109e-01
1.611242055892944336e+00 2.200107336044311523e+00 -1.533524990081787109e-01
1.610845565795898438e+00 2.203447580337524414e+00 -1.533524990081787109e-01
1.610936641693115234e+00 2.203856229782104492e+00 -1.533524990081787109e-01
1.611460924148559570e+00 2.205117464065551758e+00 -1.533524990081787109e-01
1.612176656723022461e+00 2.206787824630737305e+00 -1.533524990081787109e-01
1.612606763839721680e+00 2.208114385604858398e+00 -1.533524990081787109e-01
1.612734794616699219e+00 2.208458185195922852e+00 -1.533524990081787109e-01
1.605926036834716797e+00 2.168373823165893555e+00 -1.548149585723876953e-01
1.607596158981323242e+00 2.168373823165893555e+00 -1.548576354980468750e-01
1.605926036834716797e+00 2.170044183731079102e+00 -1.545011997222900391e-01
1.607596158981323242e+00 2.170044183731079102e+00 -1.545505523681640625e-01
1.605926036834716797e+00 2.171714067459106445e+00 -1.542308330535888672e-01
1.607596158981323242e+00 2.171714067459106445e+00 -1.542639732360839844e-01
1.604255914688110352e+00 2.173384428024291992e+00 -1.538331508636474609e-01
1.604255914688110352e+00 2.175054311752319336e+00 -1.534638404846191406e-01
1.605926036834716797e+00 2.173384428024291992e+00 -1.538929939270019531e-01
1.607596158981323242e+00 2.173384428024291992e+00 -1.539144515991210938e-01
1.605926036834716797e+00 2.175054311752319336e+00 -1.535012722015380859e-01
1.607596158981323242e+00 2.175054311752319336e+00 -1.535422801971435547e-01
1.605926036834716797e+00 2.195096731185913086e+00 -1.535334587097167969e-01
1.607596158981323242e+00 2.195096731185913086e+00 -1.534922122955322266e-01
1.605926036834716797e+00 2.196766614913940430e+00 -1.536006927490234375e-01
1.607596158981323242e+00 2.196766614913940430e+00 -1.534881591796875000e-01
1.605926036834716797e+00 2.198436975479125977e+00 -1.536276340484619141e-01
1.607596158981323242e+00 2.198436975479125977e+00 -1.534743309020996094e-01
1.607596158981323242e+00 2.200107336044311523e+00 -1.535263061523437500e-01
1.607596158981323242e+00 2.201777219772338867e+00 -1.535692214965820312e-01
1.607596158981323242e+00 2.203447580337524414e+00 -1.535463333129882812e-01
1.607596158981323242e+00 2.205117464065551758e+00 -1.535191535949707031e-01
1.609266281127929688e+00 2.168373823165893555e+00 -1.548662185668945312e-01
1.610936641693115234e+00 2.168373823165893555e+00 -1.548941135406494141e-01
1.612606763839721680e+00 2.168373823165893555e+00 -1.549494266510009766e-01
1.614276885986328125e+00 2.168373823165893555e+00 -1.550042629241943359e-01
1.617617368698120117e+00 2.168373823165893555e+00 -1.549909114837646484e-01
1.619287490844726562e+00 2.168373823165893555e+00 -1.548960208892822266e-01
1.620957612991333008e+00 2.168373823165893555e+00 -1.547904014587402344e-01
1.609266281127929688e+00 2.170044183731079102e+00 -1.545522212982177734e-01
1.610936641693115234e+00 2.170044183731079102e+00 -1.545798778533935547e-01
1.609266281127929688e+00 2.171714067459106445e+00 -1.542303562164306641e-01
1.610936641693115234e+00 2.171714067459106445e+00 -1.542489528656005859e-01
1.612606763839721680e+00 2.170044183731079102e+00 -1.546759605407714844e-01
1.614276885986328125e+00 2.170044183731079102e+00 -1.547591686248779297e-01
1.612606763839721680e+00 2.171714067459106445e+00 -1.543569564819335938e-01
1.614276885986328125e+00 2.171714067459106445e+00 -1.544556617736816406e-01
1.609266281127929688e+00 2.173384428024291992e+00 -1.538965702056884766e-01
1.610936641693115234e+00 2.173384428024291992e+00 -1.539292335510253906e-01
1.609266281127929688e+00 2.175054311752319336e+00 -1.536037921905517578e-01
1.610936641693115234e+00 2.175054311752319336e+00 -1.536700725555419922e-01
1.612606763839721680e+00 2.173384428024291992e+00 -1.540174484252929688e-01
1.614276885986328125e+00 2.173384428024291992e+00 -1.540942192077636719e-01
1.612606763839721680e+00 2.175054311752319336e+00 -1.537270545959472656e-01
1.614276885986328125e+00 2.175054311752319336e+00 -1.537697315216064453e-01
1.615947008132934570e+00 2.170044183731079102e+00 -1.547579765319824219e-01
1.617617368698120117e+00 2.170044183731079102e+00 -1.546702384948730469e-01
1.615947008132934570e+00 2.171714067459106445e+00 -1.544361114501953125e-01
1.617617368698120117e+00 2.171714067459106445e+00 -1.543245315551757812e-01
1.619287490844726562e+00 2.170044183731079102e+00 -1.545586585998535156e-01
1.620957612991333008e+00 2.170044183731079102e+00 -1.544535160064697266e-01
1.619287490844726562e+00 2.171714067459106445e+00 -1.542005538940429688e-01
1.620957612991333008e+00 2.171714067459106445e+00 -1.540892124176025391e-01
1.615947008132934570e+00 2.173384428024291992e+00 -1.540739536285400391e-01
1.617617368698120117e+00 2.173384428024291992e+00 -1.539485454559326172e-01
1.615947008132934570e+00 2.175054311752319336e+00 -1.537272930145263672e-01
1.617617368698120117e+00 2.175054311752319336e+00 -1.535961627960205078e-01
1.619287490844726562e+00 2.173384428024291992e+00 -1.538255214691162109e-01
1.620957612991333008e+00 2.173384428024291992e+00 -1.537275314331054688e-01
1.619287490844726562e+00 2.175054311752319336e+00 -1.534736156463623047e-01
1.620957612991333008e+00 2.175054311752319336e+00 -1.533696651458740234e-01
1.622627735137939453e+00 2.168373823165893555e+00 -1.547071933746337891e-01
1.622627735137939453e+00 2.170044183731079102e+00 -1.543762683868408203e-01
1.624297857284545898e+00 2.170044183731079102e+00 -1.542637348175048828e-01
1.622627735137939453e+00 2.171714067459106445e+00 -1.540160179138183594e-01
1.624297857284545898e+00 2.171714067459106445e+00 -1.539056301116943359e-01
1.625968217849731445e+00 2.170044183731079102e+00 -1.540908813476562500e-01
1.627638339996337891e+00 2.170044183731079102e+00 -1.539261341094970703e-01
1.625968217849731445e+00 2.171714067459106445e+00 -1.537332534790039062e-01
1.627638339996337891e+00 2.171714067459106445e+00 -1.535420417785644531e-01
1.622627735137939453e+00 2.173384428024291992e+00 -1.536505222320556641e-01
1.624297857284545898e+00 2.173384428024291992e+00 -1.535601615905761719e-01
1.625968217849731445e+00 2.173384428024291992e+00 -1.534047126770019531e-01
1.629308462142944336e+00 2.170044183731079102e+00 -1.536738872528076172e-01
1.610936641693115234e+00 2.176724672317504883e+00 -1.534495353698730469e-01
1.612606763839721680e+00 2.176724672317504883e+00 -1.534938812255859375e-01
1.614276885986328125e+00 2.176724672317504883e+00 -1.534888744354248047e-01
1.615947008132934570e+00 2.176724672317504883e+00 -1.533954143524169922e-01
1.609266281127929688e+00 2.195096731185913086e+00 -1.534104347229003906e-01
1.609266281127929688e+00 2.196766614913940430e+00 -1.534447669982910156e-01
1.610936641693115234e+00 2.196766614913940430e+00 -1.533842086791992188e-01
1.609266281127929688e+00 2.198436975479125977e+00 -1.534225940704345703e-01
1.610936641693115234e+00 2.198436975479125977e+00 -1.533908843994140625e-01
1.609266281127929688e+00 2.200107336044311523e+00 -1.534228324890136719e-01
1.610936641693115234e+00 2.200107336044311523e+00 -1.533665657043457031e-01
1.609266281127929688e+00 2.201777219772338867e+00 -1.534397602081298828e-01
1.609266281127929688e+00 2.203447580337524414e+00 -1.534321308135986328e-01
1.609266281127929688e+00 2.205117464065551758e+00 -1.534385681152343750e-01
1.610936641693115234e+00 2.205117464065551758e+00 -1.533784866333007812e-01
1.609266281127929688e+00 2.206787824630737305e+00 -1.534852981567382812e-01
1.610936641693115234e+00 2.206787824630737305e+00 -1.534273624420166016e-01
1.609266281127929688e+00 2.208458185195922852e+00 -1.535332202911376953e-01
1.610936641693115234e+00 2.208458185195922852e+00 -1.534636020660400391e-01
1.612606763839721680e+00 2.208458185195922852e+00 -1.533617973327636719e-01
1.627638339996337891e+00 2.181108236312866211e+00 -1.516821384429931641e-01
1.626922369003295898e+00 2.181735277175903320e+00 -1.516821384429931641e-01
1.630978584289550781e+00 2.180017232894897461e+00 -1.516821384429931641e-01
1.630800008773803711e+00 2.180064916610717773e+00 -1.516821384429931641e-01
1.629308462142944336e+00 2.180374860763549805e+00 -1.516821384429931641e-01
1.632648944854736328e+00 2.179330587387084961e+00 -1.516821384429931641e-01
1.634319067001342773e+00 2.178645849227905273e+00 -1.516821384429931641e-01
1.625968217849731445e+00 2.182932138442993164e+00 -1.516821384429931641e-01
1.625765800476074219e+00 2.183405160903930664e+00 -1.516821384429931641e-01
1.625263929367065430e+00 2.185075521469116211e+00 -1.516821384429931641e-01
1.624879121780395508e+00 2.186745882034301758e+00 -1.516821384429931641e-01
1.624411821365356445e+00 2.188415765762329102e+00 -1.516821384429931641e-01
1.635989189147949219e+00 2.178086519241333008e+00 -1.516821384429931641e-01
1.635149717330932617e+00 2.178395032882690430e+00 -1.516821384429931641e-01
1.624297857284545898e+00 2.188769578933715820e+00 -1.516821384429931641e-01
1.623995304107666016e+00 2.190086126327514648e+00 -1.516821384429931641e-01
1.624051332473754883e+00 2.191756486892700195e+00 -1.516821384429931641e-01
1.624297857284545898e+00 2.192642927169799805e+00 -1.516821384429931641e-01
1.624770164489746094e+00 2.193426370620727539e+00 -1.516821384429931641e-01
1.625968217849731445e+00 2.194571256637573242e+00 -1.516821384429931641e-01
1.626600265502929688e+00 2.195096731185913086e+00 -1.516821384429931641e-01
1.627638339996337891e+00 2.196013689041137695e+00 -1.516821384429931641e-01
1.628389358520507812e+00 2.196766614913940430e+00 -1.516821384429931641e-01
1.629308462142944336e+00 2.197532415390014648e+00 -1.516821384429931641e-01
1.630284547805786133e+00 2.198436975479125977e+00 -1.516821384429931641e-01
1.630978584289550781e+00 2.199628591537475586e+00 -1.516821384429931641e-01
1.631190776824951172e+00 2.200107336044311523e+00 -1.516821384429931641e-01
1.631839752197265625e+00 2.201777219772338867e+00 -1.516821384429931641e-01
1.632400989532470703e+00 2.203447580337524414e+00 -1.516821384429931641e-01
1.632648944854736328e+00 2.204226732254028320e+00 -1.516821384429931641e-01
1.633000373840332031e+00 2.205117464065551758e+00 -1.516821384429931641e-01
1.633253097534179688e+00 2.206787824630737305e+00 -1.516821384429931641e-01
1.633066892623901367e+00 2.208458185195922852e+00 -1.516821384429931641e-01
1.604255914688110352e+00 2.176724672317504883e+00 -1.531329154968261719e-01
1.604255914688110352e+00 2.178395032882690430e+00 -1.529042720794677734e-01
1.605926036834716797e+00 2.176724672317504883e+00 -1.531639099121093750e-01
1.607596158981323242e+00 2.176724672317504883e+00 -1.532251834869384766e-01
1.605926036834716797e+00 2.178395032882690430e+00 -1.529204845428466797e-01
1.607596158981323242e+00 2.178395032882690430e+00 -1.529760360717773438e-01
1.604255914688110352e+00 2.180064916610717773e+00 -1.527912616729736328e-01
1.604255914688110352e+00 2.181735277175903320e+00 -1.526837348937988281e-01
1.605926036834716797e+00 2.180064916610717773e+00 -1.528222560882568359e-01
1.607596158981323242e+00 2.180064916610717773e+00 -1.528420448303222656e-01
1.605926036834716797e+00 2.181735277175903320e+00 -1.527347564697265625e-01
1.607596158981323242e+00 2.181735277175903320e+00 -1.527338027954101562e-01
1.604255914688110352e+00 2.183405160903930664e+00 -1.525440216064453125e-01
1.604255914688110352e+00 2.185075521469116211e+00 -1.524660587310791016e-01
1.605926036834716797e+00 2.183405160903930664e+00 -1.526048183441162109e-01
1.607596158981323242e+00 2.183405160903930664e+00 -1.526153087615966797e-01
1.605926036834716797e+00 2.185075521469116211e+00 -1.525211334228515625e-01
1.607596158981323242e+00 2.185075521469116211e+00 -1.525321006774902344e-01
1.604255914688110352e+00 2.186745882034301758e+00 -1.525230407714843750e-01
1.604255914688110352e+00 2.188415765762329102e+00 -1.526925563812255859e-01
1.605926036834716797e+00 2.186745882034301758e+00 -1.525692939758300781e-01
1.607596158981323242e+00 2.186745882034301758e+00 -1.525442600250244141e-01
1.605926036834716797e+00 2.188415765762329102e+00 -1.527235507965087891e-01
1.607596158981323242e+00 2.188415765762329102e+00 -1.526460647583007812e-01
1.604255914688110352e+00 2.190086126327514648e+00 -1.528997421264648438e-01
1.605926036834716797e+00 2.190086126327514648e+00 -1.529071331024169922e-01
1.607596158981323242e+00 2.190086126327514648e+00 -1.528198719024658203e-01
1.605926036834716797e+00 2.191756486892700195e+00 -1.530847549438476562e-01
1.607596158981323242e+00 2.191756486892700195e+00 -1.530549526214599609e-01
1.605926036834716797e+00 2.193426370620727539e+00 -1.533198356628417969e-01
1.607596158981323242e+00 2.193426370620727539e+00 -1.533281803131103516e-01
1.622627735137939453e+00 2.175054311752319336e+00 -1.532878875732421875e-01
1.624297857284545898e+00 2.175054311752319336e+00 -1.532306671142578125e-01
1.627638339996337891e+00 2.173384428024291992e+00 -1.532075405120849609e-01
1.625968217849731445e+00 2.175054311752319336e+00 -1.531195640563964844e-01
1.627638339996337891e+00 2.175054311752319336e+00 -1.529488563537597656e-01
1.629308462142944336e+00 2.171714067459106445e+00 -1.532917022705078125e-01
1.630978584289550781e+00 2.171714067459106445e+00 -1.530358791351318359e-01
1.632648944854736328e+00 2.171714067459106445e+00 -1.528599262237548828e-01
1.629308462142944336e+00 2.173384428024291992e+00 -1.529772281646728516e-01
1.630978584289550781e+00 2.173384428024291992e+00 -1.527578830718994141e-01
1.629308462142944336e+00 2.175054311752319336e+00 -1.527562141418457031e-01
1.630978584289550781e+00 2.175054311752319336e+00 -1.525278091430664062e-01
1.632648944854736328e+00 2.173384428024291992e+00 -1.525747776031494141e-01
1.634319067001342773e+00 2.173384428024291992e+00 -1.524181365966796875e-01
1.632648944854736328e+00 2.175054311752319336e+00 -1.523115634918212891e-01
1.634319067001342773e+00 2.175054311752319336e+00 -1.521613597869873047e-01
1.609266281127929688e+00 2.176724672317504883e+00 -1.533443927764892578e-01
1.609266281127929688e+00 2.178395032882690430e+00 -1.530985832214355469e-01
1.610936641693115234e+00 2.178395032882690430e+00 -1.532046794891357422e-01
1.612606763839721680e+00 2.178395032882690430e+00 -1.532380580902099609e-01
1.614276885986328125e+00 2.178395032882690430e+00 -1.531884670257568359e-01
1.609266281127929688e+00 2.180064916610717773e+00 -1.528797149658203125e-01
1.610936641693115234e+00 2.180064916610717773e+00 -1.529259681701660156e-01
1.609266281127929688e+00 2.181735277175903320e+00 -1.527049541473388672e-01
1.610936641693115234e+00 2.181735277175903320e+00 -1.527190208435058594e-01
1.612606763839721680e+00 2.180064916610717773e+00 -1.529417037963867188e-01
1.614276885986328125e+00 2.180064916610717773e+00 -1.528847217559814453e-01
1.612606763839721680e+00 2.181735277175903320e+00 -1.527309417724609375e-01
1.614276885986328125e+00 2.181735277175903320e+00 -1.526658535003662109e-01
1.617617368698120117e+00 2.176724672317504883e+00 -1.532502174377441406e-01
1.615947008132934570e+00 2.178395032882690430e+00 -1.530525684356689453e-01
1.617617368698120117e+00 2.178395032882690430e+00 -1.529076099395751953e-01
1.619287490844726562e+00 2.176724672317504883e+00 -1.531040668487548828e-01
1.620957612991333008e+00 2.176724672317504883e+00 -1.529743671417236328e-01
1.619287490844726562e+00 2.178395032882690430e+00 -1.527433395385742188e-01
1.620957612991333008e+00 2.178395032882690430e+00 -1.525764465332031250e-01
1.615947008132934570e+00 2.180064916610717773e+00 -1.527826786041259766e-01
1.617617368698120117e+00 2.180064916610717773e+00 -1.526615619659423828e-01
1.615947008132934570e+00 2.181735277175903320e+00 -1.525840759277343750e-01
1.617617368698120117e+00 2.181735277175903320e+00 -1.524801254272460938e-01
1.619287490844726562e+00 2.180064916610717773e+00 -1.524851322174072266e-01
1.620957612991333008e+00 2.180064916610717773e+00 -1.523118019104003906e-01
1.619287490844726562e+00 2.181735277175903320e+00 -1.523098945617675781e-01
1.620957612991333008e+00 2.181735277175903320e+00 -1.521675586700439453e-01
1.609266281127929688e+00 2.183405160903930664e+00 -1.525940895080566406e-01
1.610936641693115234e+00 2.183405160903930664e+00 -1.526055335998535156e-01
1.609266281127929688e+00 2.185075521469116211e+00 -1.525166034698486328e-01
1.610936641693115234e+00 2.185075521469116211e+00 -1.525130271911621094e-01
1.612606763839721680e+00 2.183405160903930664e+00 -1.525907516479492188e-01
1.614276885986328125e+00 2.183405160903930664e+00 -1.524996757507324219e-01
1.612606763839721680e+00 2.185075521469116211e+00 -1.524553298950195312e-01
1.614276885986328125e+00 2.185075521469116211e+00 -1.523358821868896484e-01
1.609266281127929688e+00 2.186745882034301758e+00 -1.525042057037353516e-01
1.610936641693115234e+00 2.186745882034301758e+00 -1.524744033813476562e-01
1.609266281127929688e+00 2.188415765762329102e+00 -1.525576114654541016e-01
1.610936641693115234e+00 2.188415765762329102e+00 -1.524858474731445312e-01
1.612606763839721680e+00 2.186745882034301758e+00 -1.523859500885009766e-01
1.614276885986328125e+00 2.186745882034301758e+00 -1.522426605224609375e-01
1.612606763839721680e+00 2.188415765762329102e+00 -1.523745059967041016e-01
1.614276885986328125e+00 2.188415765762329102e+00 -1.522312164306640625e-01
1.615947008132934570e+00 2.183405160903930664e+00 -1.524052619934082031e-01
1.617617368698120117e+00 2.183405160903930664e+00 -1.523070335388183594e-01
1.615947008132934570e+00 2.185075521469116211e+00 -1.522295475006103516e-01
1.617617368698120117e+00 2.185075521469116211e+00 -1.521203517913818359e-01
1.619287490844726562e+00 2.183405160903930664e+00 -1.521661281585693359e-01
1.620957612991333008e+00 2.183405160903930664e+00 -1.520843505859375000e-01
1.619287490844726562e+00 2.185075521469116211e+00 -1.520338058471679688e-01
1.620957612991333008e+00 2.185075521469116211e+00 -1.520223617553710938e-01
1.615947008132934570e+00 2.186745882034301758e+00 -1.521070003509521484e-01
1.617617368698120117e+00 2.186745882034301758e+00 -1.519858837127685547e-01
1.615947008132934570e+00 2.188415765762329102e+00 -1.520922183990478516e-01
1.617617368698120117e+00 2.188415765762329102e+00 -1.519675254821777344e-01
1.619287490844726562e+00 2.186745882034301758e+00 -1.519336700439453125e-01
1.620957612991333008e+00 2.186745882034301758e+00 -1.519458293914794922e-01
1.619287490844726562e+00 2.188415765762329102e+00 -1.519017219543457031e-01
1.620957612991333008e+00 2.188415765762329102e+00 -1.518859863281250000e-01
1.622627735137939453e+00 2.176724672317504883e+00 -1.528952121734619141e-01
1.624297857284545898e+00 2.176724672317504883e+00 -1.528780460357666016e-01
1.622627735137939453e+00 2.178395032882690430e+00 -1.524932384490966797e-01
1.624297857284545898e+00 2.178395032882690430e+00 -1.524913311004638672e-01
1.625968217849731445e+00 2.176724672317504883e+00 -1.528191566467285156e-01
1.627638339996337891e+00 2.176724672317504883e+00 -1.526813507080078125e-01
1.625968217849731445e+00 2.178395032882690430e+00 -1.524543762207031250e-01
1.627638339996337891e+00 2.178395032882690430e+00 -1.522982120513916016e-01
1.622627735137939453e+00 2.180064916610717773e+00 -1.521894931793212891e-01
1.624297857284545898e+00 2.180064916610717773e+00 -1.521310806274414062e-01
1.622627735137939453e+00 2.181735277175903320e+00 -1.520428657531738281e-01
1.624297857284545898e+00 2.181735277175903320e+00 -1.519196033477783203e-01
1.625968217849731445e+00 2.180064916610717773e+00 -1.520626544952392578e-01
1.627638339996337891e+00 2.180064916610717773e+00 -1.518795490264892578e-01
1.625968217849731445e+00 2.181735277175903320e+00 -1.517813205718994141e-01
1.629308462142944336e+00 2.176724672317504883e+00 -1.525006294250488281e-01
1.630978584289550781e+00 2.176724672317504883e+00 -1.522731781005859375e-01
1.629308462142944336e+00 2.178395032882690430e+00 -1.521053314208984375e-01
1.630978584289550781e+00 2.178395032882690430e+00 -1.519496440887451172e-01
1.632648944854736328e+00 2.176724672317504883e+00 -1.520650386810302734e-01
1.634319067001342773e+00 2.176724672317504883e+00 -1.519434452056884766e-01
1.632648944854736328e+00 2.178395032882690430e+00 -1.518158912658691406e-01
1.634319067001342773e+00 2.178395032882690430e+00 -1.517202854156494141e-01
1.629308462142944336e+00 2.180064916610717773e+00 -1.517355442047119141e-01
1.622627735137939453e+00 2.183405160903930664e+00 -1.519951820373535156e-01
1.624297857284545898e+00 2.183405160903930664e+00 -1.518363952636718750e-01
1.622627735137939453e+00 2.185075521469116211e+00 -1.519744396209716797e-01
1.624297857284545898e+00 2.185075521469116211e+00 -1.518046855926513672e-01
1.622627735137939453e+00 2.186745882034301758e+00 -1.519248485565185547e-01
1.624297857284545898e+00 2.186745882034301758e+00 -1.517658233642578125e-01
1.622627735137939453e+00 2.188415765762329102e+00 -1.518487930297851562e-01
1.624297857284545898e+00 2.188415765762329102e+00 -1.516973972320556641e-01
1.635989189147949219e+00 2.175054311752319336e+00 -1.520771980285644531e-01
1.635989189147949219e+00 2.176724672317504883e+00 -1.518759727478027344e-01
1.609266281127929688e+00 2.190086126327514648e+00 -1.527075767517089844e-01
1.610936641693115234e+00 2.190086126327514648e+00 -1.525647640228271484e-01
1.609266281127929688e+00 2.191756486892700195e+00 -1.529626846313476562e-01
1.610936641693115234e+00 2.191756486892700195e+00 -1.527643203735351562e-01
1.612606763839721680e+00 2.190086126327514648e+00 -1.524159908294677734e-01
1.614276885986328125e+00 2.190086126327514648e+00 -1.522989273071289062e-01
1.612606763839721680e+00 2.191756486892700195e+00 -1.525881290435791016e-01
1.614276885986328125e+00 2.191756486892700195e+00 -1.524779796600341797e-01
1.609266281127929688e+00 2.193426370620727539e+00 -1.532380580902099609e-01
1.610936641693115234e+00 2.193426370620727539e+00 -1.530427932739257812e-01
1.610936641693115234e+00 2.195096731185913086e+00 -1.532759666442871094e-01
1.612606763839721680e+00 2.193426370620727539e+00 -1.528685092926025391e-01
1.614276885986328125e+00 2.193426370620727539e+00 -1.527466773986816406e-01
1.612606763839721680e+00 2.195096731185913086e+00 -1.531171798706054688e-01
1.614276885986328125e+00 2.195096731185913086e+00 -1.529858112335205078e-01
1.615947008132934570e+00 2.190086126327514648e+00 -1.521871089935302734e-01
1.617617368698120117e+00 2.190086126327514648e+00 -1.520423889160156250e-01
1.615947008132934570e+00 2.191756486892700195e+00 -1.523647308349609375e-01
1.617617368698120117e+00 2.191756486892700195e+00 -1.521902084350585938e-01
1.619287490844726562e+00 2.190086126327514648e+00 -1.519312858581542969e-01
1.620957612991333008e+00 2.190086126327514648e+00 -1.518642902374267578e-01
1.619287490844726562e+00 2.191756486892700195e+00 -1.520266532897949219e-01
1.620957612991333008e+00 2.191756486892700195e+00 -1.519212722778320312e-01
1.615947008132934570e+00 2.193426370620727539e+00 -1.525993347167968750e-01
1.617617368698120117e+00 2.193426370620727539e+00 -1.524019241333007812e-01
1.615947008132934570e+00 2.195096731185913086e+00 -1.528360843658447266e-01
1.617617368698120117e+00 2.195096731185913086e+00 -1.526436805725097656e-01
1.619287490844726562e+00 2.193426370620727539e+00 -1.522164344787597656e-01
1.620957612991333008e+00 2.193426370620727539e+00 -1.520719528198242188e-01
1.619287490844726562e+00 2.195096731185913086e+00 -1.524615287780761719e-01
1.620957612991333008e+00 2.195096731185913086e+00 -1.522862911224365234e-01
1.612606763839721680e+00 2.196766614913940430e+00 -1.532530784606933594e-01
1.614276885986328125e+00 2.196766614913940430e+00 -1.531329154968261719e-01
1.612606763839721680e+00 2.198436975479125977e+00 -1.532933712005615234e-01
1.614276885986328125e+00 2.198436975479125977e+00 -1.531891822814941406e-01
1.610936641693115234e+00 2.201777219772338867e+00 -1.533496379852294922e-01
1.612606763839721680e+00 2.200107336044311523e+00 -1.532785892486572266e-01
1.614276885986328125e+00 2.200107336044311523e+00 -1.531815528869628906e-01
1.612606763839721680e+00 2.201777219772338867e+00 -1.532304286956787109e-01
1.614276885986328125e+00 2.201777219772338867e+00 -1.531455516815185547e-01
1.615947008132934570e+00 2.196766614913940430e+00 -1.530189514160156250e-01
1.617617368698120117e+00 2.196766614913940430e+00 -1.528701782226562500e-01
1.615947008132934570e+00 2.198436975479125977e+00 -1.531000137329101562e-01
1.617617368698120117e+00 2.198436975479125977e+00 -1.530008316040039062e-01
1.619287490844726562e+00 2.196766614913940430e+00 -1.526920795440673828e-01
1.620957612991333008e+00 2.196766614913940430e+00 -1.525101661682128906e-01
1.619287490844726562e+00 2.198436975479125977e+00 -1.528651714324951172e-01
1.620957612991333008e+00 2.198436975479125977e+00 -1.527168750762939453e-01
1.615947008132934570e+00 2.200107336044311523e+00 -1.531178951263427734e-01
1.617617368698120117e+00 2.200107336044311523e+00 -1.530654430389404297e-01
1.615947008132934570e+00 2.201777219772338867e+00 -1.531364917755126953e-01
1.617617368698120117e+00 2.201777219772338867e+00 -1.531195640563964844e-01
1.619287490844726562e+00 2.200107336044311523e+00 -1.529924869537353516e-01
1.620957612991333008e+00 2.200107336044311523e+00 -1.528882980346679688e-01
1.619287490844726562e+00 2.201777219772338867e+00 -1.530766487121582031e-01
1.620957612991333008e+00 2.201777219772338867e+00 -1.530048847198486328e-01
1.622627735137939453e+00 2.190086126327514648e+00 -1.517915725708007812e-01
1.622627735137939453e+00 2.191756486892700195e+00 -1.518151760101318359e-01
1.622627735137939453e+00 2.193426370620727539e+00 -1.519055366516113281e-01
1.624297857284545898e+00 2.193426370620727539e+00 -1.517288684844970703e-01
1.622627735137939453e+00 2.195096731185913086e+00 -1.520776748657226562e-01
1.624297857284545898e+00 2.195096731185913086e+00 -1.518878936767578125e-01
1.625968217849731445e+00 2.195096731185913086e+00 -1.517360210418701172e-01
1.622627735137939453e+00 2.196766614913940430e+00 -1.523230075836181641e-01
1.624297857284545898e+00 2.196766614913940430e+00 -1.521296501159667969e-01
1.622627735137939453e+00 2.198436975479125977e+00 -1.525647640228271484e-01
1.624297857284545898e+00 2.198436975479125977e+00 -1.523938179016113281e-01
1.625968217849731445e+00 2.196766614913940430e+00 -1.519563198089599609e-01
1.627638339996337891e+00 2.196766614913940430e+00 -1.517703533172607422e-01
1.625968217849731445e+00 2.198436975479125977e+00 -1.521985530853271484e-01
1.627638339996337891e+00 2.198436975479125977e+00 -1.519658565521240234e-01
1.622627735137939453e+00 2.200107336044311523e+00 -1.527628898620605469e-01
1.624297857284545898e+00 2.200107336044311523e+00 -1.526165008544921875e-01
1.622627735137939453e+00 2.201777219772338867e+00 -1.529185771942138672e-01
1.624297857284545898e+00 2.201777219772338867e+00 -1.527929306030273438e-01
1.625968217849731445e+00 2.200107336044311523e+00 -1.524074077606201172e-01
1.627638339996337891e+00 2.200107336044311523e+00 -1.521546840667724609e-01
1.625968217849731445e+00 2.201777219772338867e+00 -1.525619029998779297e-01
1.627638339996337891e+00 2.201777219772338867e+00 -1.522920131683349609e-01
1.629308462142944336e+00 2.198436975479125977e+00 -1.517775058746337891e-01
1.629308462142944336e+00 2.200107336044311523e+00 -1.519320011138916016e-01
1.630978584289550781e+00 2.200107336044311523e+00 -1.517126560211181641e-01
1.629308462142944336e+00 2.201777219772338867e+00 -1.520597934722900391e-01
1.630978584289550781e+00 2.201777219772338867e+00 -1.518199443817138672e-01
1.610936641693115234e+00 2.203447580337524414e+00 -1.533474922180175781e-01
1.612606763839721680e+00 2.203447580337524414e+00 -1.532177925109863281e-01
1.614276885986328125e+00 2.203447580337524414e+00 -1.531145572662353516e-01
1.612606763839721680e+00 2.205117464065551758e+00 -1.532616615295410156e-01
1.614276885986328125e+00 2.205117464065551758e+00 -1.531302928924560547e-01
1.612606763839721680e+00 2.206787824630737305e+00 -1.533148288726806641e-01
1.614276885986328125e+00 2.206787824630737305e+00 -1.531841754913330078e-01
1.614276885986328125e+00 2.208458185195922852e+00 -1.532411575317382812e-01
1.615947008132934570e+00 2.203447580337524414e+00 -1.531105041503906250e-01
1.617617368698120117e+00 2.203447580337524414e+00 -1.531040668487548828e-01
1.615947008132934570e+00 2.205117464065551758e+00 -1.530787944793701172e-01
1.617617368698120117e+00 2.205117464065551758e+00 -1.530406475067138672e-01
1.619287490844726562e+00 2.203447580337524414e+00 -1.530849933624267578e-01
1.620957612991333008e+00 2.203447580337524414e+00 -1.530768871307373047e-01
1.619287490844726562e+00 2.205117464065551758e+00 -1.530382633209228516e-01
1.620957612991333008e+00 2.205117464065551758e+00 -1.530838012695312500e-01
1.615947008132934570e+00 2.206787824630737305e+00 -1.530995368957519531e-01
1.617617368698120117e+00 2.206787824630737305e+00 -1.530296802520751953e-01
1.615947008132934570e+00 2.208458185195922852e+00 -1.531312465667724609e-01
1.617617368698120117e+00 2.208458185195922852e+00 -1.530458927154541016e-01
1.619287490844726562e+00 2.206787824630737305e+00 -1.530249118804931641e-01
1.620957612991333008e+00 2.206787824630737305e+00 -1.530613899230957031e-01
1.619287490844726562e+00 2.208458185195922852e+00 -1.530413627624511719e-01
1.620957612991333008e+00 2.208458185195922852e+00 -1.530721187591552734e-01
1.622627735137939453e+00 2.203447580337524414e+00 -1.530275344848632812e-01
1.624297857284545898e+00 2.203447580337524414e+00 -1.528966426849365234e-01
1.622627735137939453e+00 2.205117464065551758e+00 -1.530494689941406250e-01
1.624297857284545898e+00 2.205117464065551758e+00 -1.529302597045898438e-01
1.625968217849731445e+00 2.203447580337524414e+00 -1.526434421539306641e-01
1.627638339996337891e+00 2.203447580337524414e+00 -1.523673534393310547e-01
1.625968217849731445e+00 2.205117464065551758e+00 -1.527173519134521484e-01
1.627638339996337891e+00 2.205117464065551758e+00 -1.524660587310791016e-01
1.622627735137939453e+00 2.206787824630737305e+00 -1.530272960662841797e-01
1.624297857284545898e+00 2.206787824630737305e+00 -1.529526710510253906e-01
1.622627735137939453e+00 2.208458185195922852e+00 -1.530344486236572266e-01
1.624297857284545898e+00 2.208458185195922852e+00 -1.529736518859863281e-01
1.625968217849731445e+00 2.206787824630737305e+00 -1.528177261352539062e-01
1.627638339996337891e+00 2.206787824630737305e+00 -1.525912284851074219e-01
1.625968217849731445e+00 2.208458185195922852e+00 -1.528718471527099609e-01
1.627638339996337891e+00 2.208458185195922852e+00 -1.526646614074707031e-01
1.629308462142944336e+00 2.203447580337524414e+00 -1.521468162536621094e-01
1.630978584289550781e+00 2.203447580337524414e+00 -1.519196033477783203e-01
1.629308462142944336e+00 2.205117464065551758e+00 -1.522376537322998047e-01
1.630978584289550781e+00 2.205117464065551758e+00 -1.520073413848876953e-01
1.632648944854736328e+00 2.205117464065551758e+00 -1.517446041107177734e-01
1.629308462142944336e+00 2.206787824630737305e+00 -1.523251533508300781e-01
1.630978584289550781e+00 2.206787824630737305e+00 -1.520678997039794922e-01
1.629308462142944336e+00 2.208458185195922852e+00 -1.523745059967041016e-01
1.630978584289550781e+00 2.208458185195922852e+00 -1.520860195159912109e-01
1.632648944854736328e+00 2.206787824630737305e+00 -1.517903804779052734e-01
1.632648944854736328e+00 2.208458185195922852e+00 -1.517660617828369141e-01
1.625968217849731445e+00 2.210128068923950195e+00 -1.528482437133789062e-01
1.627638339996337891e+00 2.210128068923950195e+00 -1.526827812194824219e-01
1.629308462142944336e+00 2.210128068923950195e+00 -1.524109840393066406e-01
1.630978584289550781e+00 2.210128068923950195e+00 -1.521074771881103516e-01
1.642669916152954102e+00 2.192531347274780273e+00 -1.500120162963867188e-01
1.641680717468261719e+00 2.193426370620727539e+00 -1.500120162963867188e-01
1.644340038299560547e+00 2.192081689834594727e+00 -1.500120162963867188e-01
1.641277313232421875e+00 2.195096731185913086e+00 -1.500120162963867188e-01
1.646010160446166992e+00 2.192761182785034180e+00 -1.500120162963867188e-01
1.641679525375366211e+00 2.196766614913940430e+00 -1.500120162963867188e-01
1.642458677291870117e+00 2.198436975479125977e+00 -1.500120162963867188e-01
1.642669916152954102e+00 2.199039697647094727e+00 -1.500120162963867188e-01
1.643210172653198242e+00 2.200107336044311523e+00 -1.500120162963867188e-01
1.644340038299560547e+00 2.200723886489868164e+00 -1.500120162963867188e-01
1.627638339996337891e+00 2.181735277175903320e+00 -1.516003608703613281e-01
1.630978584289550781e+00 2.180064916610717773e+00 -1.516764163970947266e-01
1.629308462142944336e+00 2.181735277175903320e+00 -1.514906883239746094e-01
1.630978584289550781e+00 2.181735277175903320e+00 -1.514859199523925781e-01
1.632648944854736328e+00 2.180064916610717773e+00 -1.515901088714599609e-01
1.634319067001342773e+00 2.180064916610717773e+00 -1.514482498168945312e-01
1.632648944854736328e+00 2.181735277175903320e+00 -1.514024734497070312e-01
1.634319067001342773e+00 2.181735277175903320e+00 -1.511905193328857422e-01
1.625968217849731445e+00 2.183405160903930664e+00 -1.516616344451904297e-01
1.627638339996337891e+00 2.183405160903930664e+00 -1.514697074890136719e-01
1.625968217849731445e+00 2.185075521469116211e+00 -1.516020298004150391e-01
1.627638339996337891e+00 2.185075521469116211e+00 -1.514172554016113281e-01
1.625968217849731445e+00 2.186745882034301758e+00 -1.515324115753173828e-01
1.627638339996337891e+00 2.186745882034301758e+00 -1.513385772705078125e-01
1.625968217849731445e+00 2.188415765762329102e+00 -1.514651775360107422e-01
1.627638339996337891e+00 2.188415765762329102e+00 -1.512417793273925781e-01
1.629308462142944336e+00 2.183405160903930664e+00 -1.513402462005615234e-01
1.630978584289550781e+00 2.183405160903930664e+00 -1.512975692749023438e-01
1.629308462142944336e+00 2.185075521469116211e+00 -1.512546539306640625e-01
1.630978584289550781e+00 2.185075521469116211e+00 -1.511008739471435547e-01
1.632648944854736328e+00 2.183405160903930664e+00 -1.511855125427246094e-01
1.634319067001342773e+00 2.183405160903930664e+00 -1.509714126586914062e-01
1.632648944854736328e+00 2.185075521469116211e+00 -1.509258747100830078e-01
1.634319067001342773e+00 2.185075521469116211e+00 -1.507341861724853516e-01
1.629308462142944336e+00 2.186745882034301758e+00 -1.511473655700683594e-01
1.630978584289550781e+00 2.186745882034301758e+00 -1.509299278259277344e-01
1.629308462142944336e+00 2.188415765762329102e+00 -1.510324478149414062e-01
1.630978584289550781e+00 2.188415765762329102e+00 -1.508049964904785156e-01
1.632648944854736328e+00 2.186745882034301758e+00 -1.507086753845214844e-01
1.634319067001342773e+00 2.186745882034301758e+00 -1.505391597747802734e-01
1.632648944854736328e+00 2.188415765762329102e+00 -1.505775451660156250e-01
1.634319067001342773e+00 2.188415765762329102e+00 -1.504142284393310547e-01
1.635989189147949219e+00 2.178395032882690430e+00 -1.516268253326416016e-01
1.637659311294555664e+00 2.178395032882690430e+00 -1.514959335327148438e-01
1.639329433441162109e+00 2.178395032882690430e+00 -1.513931751251220703e-01
1.635989189147949219e+00 2.180064916610717773e+00 -1.512968540191650391e-01
1.637659311294555664e+00 2.180064916610717773e+00 -1.512107849121093750e-01
1.635989189147949219e+00 2.181735277175903320e+00 -1.509971618652343750e-01
1.637659311294555664e+00 2.181735277175903320e+00 -1.509542465209960938e-01
1.639329433441162109e+00 2.180064916610717773e+00 -1.511805057525634766e-01
1.639329433441162109e+00 2.181735277175903320e+00 -1.510081291198730469e-01
1.640999794006347656e+00 2.181735277175903320e+00 -1.509571075439453125e-01
1.635989189147949219e+00 2.183405160903930664e+00 -1.507673263549804688e-01
1.637659311294555664e+00 2.183405160903930664e+00 -1.507282257080078125e-01
1.635989189147949219e+00 2.185075521469116211e+00 -1.505856513977050781e-01
1.637659311294555664e+00 2.185075521469116211e+00 -1.505727767944335938e-01
1.639329433441162109e+00 2.183405160903930664e+00 -1.508095264434814453e-01
1.640999794006347656e+00 2.183405160903930664e+00 -1.507849693298339844e-01
1.639329433441162109e+00 2.185075521469116211e+00 -1.505949497222900391e-01
1.640999794006347656e+00 2.185075521469116211e+00 -1.505622863769531250e-01
1.635989189147949219e+00 2.186745882034301758e+00 -1.504607200622558594e-01
1.637659311294555664e+00 2.186745882034301758e+00 -1.504552364349365234e-01
1.635989189147949219e+00 2.188415765762329102e+00 -1.503608226776123047e-01
1.637659311294555664e+00 2.188415765762329102e+00 -1.503674983978271484e-01
1.639329433441162109e+00 2.186745882034301758e+00 -1.504161357879638672e-01
1.640999794006347656e+00 2.186745882034301758e+00 -1.503543853759765625e-01
1.639329433441162109e+00 2.188415765762329102e+00 -1.503353118896484375e-01
1.640999794006347656e+00 2.188415765762329102e+00 -1.502690315246582031e-01
1.642669916152954102e+00 2.183405160903930664e+00 -1.506946086883544922e-01
1.642669916152954102e+00 2.185075521469116211e+00 -1.505162715911865234e-01
1.644340038299560547e+00 2.185075521469116211e+00 -1.504824161529541016e-01
1.642669916152954102e+00 2.186745882034301758e+00 -1.503033638000488281e-01
1.644340038299560547e+00 2.186745882034301758e+00 -1.503052711486816406e-01
1.642669916152954102e+00 2.188415765762329102e+00 -1.501932144165039062e-01
1.644340038299560547e+00 2.188415765762329102e+00 -1.501622200012207031e-01
1.646010160446166992e+00 2.186745882034301758e+00 -1.503317356109619141e-01
1.646010160446166992e+00 2.188415765762329102e+00 -1.501808166503906250e-01
1.624297857284545898e+00 2.190086126327514648e+00 -1.516497135162353516e-01
1.624297857284545898e+00 2.191756486892700195e+00 -1.516551971435546875e-01
1.625968217849731445e+00 2.190086126327514648e+00 -1.514406204223632812e-01
1.627638339996337891e+00 2.190086126327514648e+00 -1.512064933776855469e-01
1.625968217849731445e+00 2.191756486892700195e+00 -1.514713764190673828e-01
1.627638339996337891e+00 2.191756486892700195e+00 -1.512768268585205078e-01
1.625968217849731445e+00 2.193426370620727539e+00 -1.515707969665527344e-01
1.627638339996337891e+00 2.193426370620727539e+00 -1.514134407043457031e-01
1.627638339996337891e+00 2.195096731185913086e+00 -1.515781879425048828e-01
1.629308462142944336e+00 2.190086126327514648e+00 -1.509897708892822266e-01
1.630978584289550781e+00 2.190086126327514648e+00 -1.507842540740966797e-01
1.629308462142944336e+00 2.191756486892700195e+00 -1.510791778564453125e-01
1.630978584289550781e+00 2.191756486892700195e+00 -1.508805751800537109e-01
1.632648944854736328e+00 2.190086126327514648e+00 -1.505732536315917969e-01
1.634319067001342773e+00 2.190086126327514648e+00 -1.503911018371582031e-01
1.632648944854736328e+00 2.191756486892700195e+00 -1.506674289703369141e-01
1.634319067001342773e+00 2.191756486892700195e+00 -1.504678726196289062e-01
1.629308462142944336e+00 2.193426370620727539e+00 -1.512112617492675781e-01
1.630978584289550781e+00 2.193426370620727539e+00 -1.509854793548583984e-01
1.629308462142944336e+00 2.195096731185913086e+00 -1.513638496398925781e-01
1.630978584289550781e+00 2.195096731185913086e+00 -1.511240005493164062e-01
1.632648944854736328e+00 2.193426370620727539e+00 -1.507723331451416016e-01
1.634319067001342773e+00 2.193426370620727539e+00 -1.505622863769531250e-01
1.632648944854736328e+00 2.195096731185913086e+00 -1.509001255035400391e-01
1.634319067001342773e+00 2.195096731185913086e+00 -1.506767272949218750e-01
1.629308462142944336e+00 2.196766614913940430e+00 -1.515836715698242188e-01
1.630978584289550781e+00 2.196766614913940430e+00 -1.513745784759521484e-01
1.630978584289550781e+00 2.198436975479125977e+00 -1.515934467315673828e-01
1.632648944854736328e+00 2.196766614913940430e+00 -1.511068344116210938e-01
1.634319067001342773e+00 2.196766614913940430e+00 -1.508247852325439453e-01
1.632648944854736328e+00 2.198436975479125977e+00 -1.513085365295410156e-01
1.634319067001342773e+00 2.198436975479125977e+00 -1.509678363800048828e-01
1.632648944854736328e+00 2.200107336044311523e+00 -1.514339447021484375e-01
1.634319067001342773e+00 2.200107336044311523e+00 -1.511001586914062500e-01
1.632648944854736328e+00 2.201777219772338867e+00 -1.515300273895263672e-01
1.634319067001342773e+00 2.201777219772338867e+00 -1.512131690979003906e-01
1.632648944854736328e+00 2.203447580337524414e+00 -1.516327857971191406e-01
1.634319067001342773e+00 2.203447580337524414e+00 -1.513056755065917969e-01
1.634319067001342773e+00 2.205117464065551758e+00 -1.514291763305664062e-01
1.634319067001342773e+00 2.206787824630737305e+00 -1.514794826507568359e-01
1.634319067001342773e+00 2.208458185195922852e+00 -1.514384746551513672e-01
1.635989189147949219e+00 2.190086126327514648e+00 -1.503114700317382812e-01
1.637659311294555664e+00 2.190086126327514648e+00 -1.503069400787353516e-01
1.635989189147949219e+00 2.191756486892700195e+00 -1.503386497497558594e-01
1.637659311294555664e+00 2.191756486892700195e+00 -1.502785682678222656e-01
1.639329433441162109e+00 2.190086126327514648e+00 -1.503000259399414062e-01
1.640999794006347656e+00 2.190086126327514648e+00 -1.502375602722167969e-01
1.639329433441162109e+00 2.191756486892700195e+00 -1.502454280853271484e-01
1.640999794006347656e+00 2.191756486892700195e+00 -1.501586437225341797e-01
1.635989189147949219e+00 2.193426370620727539e+00 -1.504116058349609375e-01
1.637659311294555664e+00 2.193426370620727539e+00 -1.503067016601562500e-01
1.635989189147949219e+00 2.195096731185913086e+00 -1.505141258239746094e-01
1.637659311294555664e+00 2.195096731185913086e+00 -1.503949165344238281e-01
1.639329433441162109e+00 2.193426370620727539e+00 -1.502091884613037109e-01
1.640999794006347656e+00 2.193426370620727539e+00 -1.500704288482666016e-01
1.639329433441162109e+00 2.195096731185913086e+00 -1.502451896667480469e-01
1.640999794006347656e+00 2.195096731185913086e+00 -1.500458717346191406e-01
1.642669916152954102e+00 2.190086126327514648e+00 -1.501467227935791016e-01
1.644340038299560547e+00 2.190086126327514648e+00 -1.500797271728515625e-01
1.642669916152954102e+00 2.191756486892700195e+00 -1.500594615936279297e-01
1.644340038299560547e+00 2.191756486892700195e+00 -1.500215530395507812e-01
1.646010160446166992e+00 2.190086126327514648e+00 -1.500704288482666016e-01
1.646010160446166992e+00 2.191756486892700195e+00 -1.500325202941894531e-01
1.635989189147949219e+00 2.196766614913940430e+00 -1.506237983703613281e-01
1.637659311294555664e+00 2.196766614913940430e+00 -1.504905223846435547e-01
1.635989189147949219e+00 2.198436975479125977e+00 -1.507153511047363281e-01
1.637659311294555664e+00 2.198436975479125977e+00 -1.505370140075683594e-01
1.639329433441162109e+00 2.196766614913940430e+00 -1.503162384033203125e-01
1.640999794006347656e+00 2.196766614913940430e+00 -1.500923633575439453e-01
1.639329433441162109e+00 2.198436975479125977e+00 -1.503565311431884766e-01
1.640999794006347656e+00 2.198436975479125977e+00 -1.501507759094238281e-01
1.635989189147949219e+00 2.200107336044311523e+00 -1.508305072784423828e-01
1.637659311294555664e+00 2.200107336044311523e+00 -1.506221294403076172e-01
1.635989189147949219e+00 2.201777219772338867e+00 -1.509537696838378906e-01
1.637659311294555664e+00 2.201777219772338867e+00 -1.507363319396972656e-01
1.639329433441162109e+00 2.200107336044311523e+00 -1.504201889038085938e-01
1.640999794006347656e+00 2.200107336044311523e+00 -1.502094268798828125e-01
1.639329433441162109e+00 2.201777219772338867e+00 -1.505110263824462891e-01
1.640999794006347656e+00 2.201777219772338867e+00 -1.502797603607177734e-01
1.642669916152954102e+00 2.200107336044311523e+00 -1.500442028045654297e-01
1.642669916152954102e+00 2.201777219772338867e+00 -1.501080989837646484e-01
1.644340038299560547e+00 2.201777219772338867e+00 -1.500530242919921875e-01
1.635989189147949219e+00 2.203447580337524414e+00 -1.510226726531982422e-01
1.637659311294555664e+00 2.203447580337524414e+00 -1.508052349090576172e-01
1.635989189147949219e+00 2.205117464065551758e+00 -1.511182785034179688e-01
1.637659311294555664e+00 2.205117464065551758e+00 -1.508839130401611328e-01
1.639329433441162109e+00 2.203447580337524414e+00 -1.505751609802246094e-01
1.640999794006347656e+00 2.203447580337524414e+00 -1.503410339355468750e-01
1.639329433441162109e+00 2.205117464065551758e+00 -1.506023406982421875e-01
1.640999794006347656e+00 2.205117464065551758e+00 -1.503729820251464844e-01
1.635989189147949219e+00 2.206787824630737305e+00 -1.511907577514648438e-01
1.637659311294555664e+00 2.206787824630737305e+00 -1.509470939636230469e-01
1.635989189147949219e+00 2.208458185195922852e+00 -1.511657238006591797e-01
1.637659311294555664e+00 2.208458185195922852e+00 -1.509456634521484375e-01
1.639329433441162109e+00 2.206787824630737305e+00 -1.506104469299316406e-01
1.640999794006347656e+00 2.206787824630737305e+00 -1.503770351409912109e-01
1.639329433441162109e+00 2.208458185195922852e+00 -1.506462097167968750e-01
1.640999794006347656e+00 2.208458185195922852e+00 -1.504156589508056641e-01
1.642669916152954102e+00 2.203447580337524414e+00 -1.501865386962890625e-01
1.644340038299560547e+00 2.203447580337524414e+00 -1.501231193542480469e-01
1.642669916152954102e+00 2.205117464065551758e+00 -1.502668857574462891e-01
1.644340038299560547e+00 2.205117464065551758e+00 -1.501941680908203125e-01
1.642669916152954102e+00 2.206787824630737305e+00 -1.503162384033203125e-01
1.644340038299560547e+00 2.206787824630737305e+00 -1.502563953399658203e-01
1.642669916152954102e+00 2.208458185195922852e+00 -1.503500938415527344e-01
1.644340038299560547e+00 2.208458185195922852e+00 -1.502993106842041016e-01
1.642669916152954102e+00 2.193426370620727539e+00 -1.499624252319335938e-01
1.644340038299560547e+00 2.193426370620727539e+00 -1.499524116516113281e-01
1.642669916152954102e+00 2.195096731185913086e+00 -1.499066352844238281e-01
1.644340038299560547e+00 2.195096731185913086e+00 -1.498882770538330078e-01
1.646010160446166992e+00 2.193426370620727539e+00 -1.499884128570556641e-01
1.646010160446166992e+00 2.195096731185913086e+00 -1.499314308166503906e-01
1.642669916152954102e+00 2.196766614913940430e+00 -1.499378681182861328e-01
1.644340038299560547e+00 2.196766614913940430e+00 -1.499145030975341797e-01
1.642669916152954102e+00 2.198436975479125977e+00 -1.499996185302734375e-01
1.644340038299560547e+00 2.198436975479125977e+00 -1.499617099761962891e-01
1.646010160446166992e+00 2.196766614913940430e+00 -1.499509811401367188e-01
1.644340038299560547e+00 2.200107336044311523e+00 -1.499905586242675781e-01
655 2
1.609999999999999654e+00 2.169999999999999041e+00
1.611187203829179460e+00 2.169147836396709828e+00
1.612691497953899100e+00 2.168650016148621962e+00
1.614422087786795190e+00 2.168334548969310660e+00
1.616337343468427168e+00 2.168081997251007476e+00
1.617167333090371306e+00 2.167993171809467157e+00
1.619177665204666328e+00 2.167673680540104009e+00
1.618339976025682025e+00 2.167798248404296135e+00
1.608831590457390659e+00 2.167556466807254001e+00
1.609601372859766455e+00 2.169163087488539698e+00
1.610313653391787891e+00 2.166850268811089109e+00
1.610937841774110479e+00 2.168376155239964742e+00
1.612419442312860385e+00 2.167713023999257693e+00
1.614058216294091519e+00 2.167177493918280629e+00
1.615713257599165953e+00 2.166644168879180654e+00
1.602794902439474312e+00 2.174809510532356605e+00
1.604233815579006350e+00 2.175669332306945591e+00
1.605791853797057245e+00 2.176396904489787065e+00
1.599668062973751193e+00 2.196505501447336250e+00
1.601291356964690271e+00 2.195770066869688453e+00
1.623331300651810860e+00 2.175566185442624256e+00
1.621781454253821808e+00 2.175755988347963132e+00
1.625180097617503483e+00 2.175316526979040876e+00
1.628875570451983057e+00 2.173560702802660671e+00
1.627543703584211077e+00 2.174349288847597705e+00
1.627048332966320343e+00 2.174622530135883025e+00
1.630637720649195099e+00 2.172472650288192142e+00
1.630278607629206622e+00 2.172726392279117125e+00
1.632356076068226969e+00 2.171210724973537065e+00
1.607232505779769172e+00 2.177305552629240193e+00
1.607303444684978322e+00 2.177363731364727606e+00
1.608767460389397996e+00 2.178105981169716543e+00
1.610669290678247156e+00 2.178334700768202126e+00
1.612883292667717239e+00 2.177993167174005595e+00
1.617439341964864941e+00 2.176601294447922275e+00
1.615909988847484824e+00 2.177106151400893364e+00
1.615195824788171475e+00 2.177328973746146534e+00
1.619518666975830357e+00 2.176111891393631925e+00
1.621458228122441447e+00 2.175808649812984719e+00
1.603585211732703186e+00 2.196005601227609905e+00
1.604900655694754041e+00 2.196589291215973017e+00
1.606273157278108821e+00 2.197385751149540933e+00
1.607038617842561745e+00 2.198022779642330171e+00
1.607850825952318097e+00 2.199671287008480469e+00
1.607927436108563146e+00 2.202907589604088390e+00
1.607920904417292185e+00 2.203144400921415169e+00
1.607895464947341146e+00 2.201412171406964990e+00
1.608203981252370962e+00 2.204818677060869536e+00
1.608365396249297641e+00 2.205212633104505215e+00
1.609083823414690029e+00 2.206400211935833244e+00
1.610007796425669380e+00 2.207980145865899413e+00
1.610576633100977650e+00 2.209253261043462313e+00
1.610737583727227307e+00 2.209581485461896477e+00
1.608425961769113899e+00 2.169173870615082045e+00
1.609856183986123845e+00 2.170136662587675680e+00
1.607540916437629974e+00 2.170420159649493641e+00
1.609110884014596454e+00 2.171068511514118171e+00
1.606679171451523391e+00 2.171786058610762460e+00
1.608352691828157877e+00 2.172344879116489658e+00
1.604048706997993401e+00 2.172709090918868213e+00
1.603124668355870863e+00 2.174310656036603007e+00
1.605722230744897283e+00 2.173320611138596981e+00
1.607475891319668726e+00 2.173799667928113521e+00
1.604716942019009496e+00 2.174948180491072414e+00
1.606466921898185296e+00 2.175399347002683115e+00
1.600567735881111897e+00 2.197918659899369409e+00
1.602193384100420337e+00 2.197276928985804290e+00
1.601385712123615024e+00 2.199497100241126546e+00
1.603003293736182444e+00 2.198918263738194323e+00
1.602042488315174262e+00 2.201071974792096153e+00
1.603663854893400798e+00 2.200549638268640695e+00
1.604206843886238465e+00 2.202168469578831722e+00
1.604633000811273247e+00 2.203773084552038242e+00
1.604971781836124212e+00 2.205383502415329655e+00
1.605261806164921978e+00 2.207006300875818727e+00
1.611229709933479581e+00 2.169841687704123334e+00
1.612784996795840087e+00 2.169303679765560045e+00
1.614514426320762919e+00 2.168763367549024768e+00
1.616378208577426312e+00 2.168202355536811066e+00
1.620218597843447350e+00 2.167763481476935095e+00
1.621903092221433029e+00 2.168176010585421754e+00
1.623444652225771723e+00 2.168671803559547584e+00
1.610849403944526692e+00 2.171163779995124887e+00
1.612666611296682317e+00 2.170838161909855124e+00
1.610213554438949313e+00 2.172527788796796866e+00
1.612200049882861697e+00 2.172336997386113744e+00
1.614614876734162818e+00 2.170321249883730541e+00
1.616726190290697529e+00 2.169698737764978791e+00
1.614358809363235281e+00 2.171869653826707935e+00
1.616818046926780328e+00 2.171115612641891346e+00
1.609373678268783969e+00 2.174002412330352296e+00
1.611407458841983775e+00 2.173908058182858927e+00
1.608373111532894750e+00 2.175620844126872733e+00
1.610400412473080634e+00 2.175589770435726322e+00
1.613564879779892935e+00 2.173577364472512485e+00
1.615806847115559330e+00 2.173104515678322191e+00
1.612492711580260751e+00 2.175401430450286444e+00
1.614559995872383746e+00 2.175147078370810672e+00
1.618940300391393583e+00 2.169087254464052261e+00
1.620349820789848794e+00 2.169326147780736846e+00
1.620000000000000107e+00 2.169999999999999929e+00
1.620287654484381834e+00 2.170992967222229009e+00
1.621648754071164822e+00 2.169872817232913143e+00
1.623009976477678418e+00 2.170376586066487867e+00
1.621221706059048584e+00 2.171699668822732576e+00
1.622549942630609809e+00 2.172155844453754980e+00
1.617914861390254311e+00 2.172783487597388152e+00
1.619183831593598466e+00 2.173146183165971745e+00
1.616453709321167498e+00 2.175027465737737309e+00
1.618116046112241690e+00 2.175202164318651654e+00
1.620524286540628855e+00 2.173592759257874540e+00
1.622030143746342468e+00 2.173940474316351068e+00
1.619767178657677498e+00 2.175475611090222472e+00
1.621483968859058100e+00 2.175724887707656041e+00
1.624957147599324747e+00 2.169155757460948575e+00
1.624440440498039262e+00 2.170775861035370902e+00
1.625882233250728781e+00 2.170991561674643577e+00
1.624046164836696615e+00 2.172465926522746393e+00
1.625635000912550865e+00 2.172644239506793973e+00
1.627423971535046254e+00 2.171063616751438996e+00
1.629028771890819849e+00 2.171074703483799162e+00
1.627274296563221423e+00 2.172712149476955901e+00
1.628940708136514814e+00 2.172721683705487905e+00
1.623657287333797994e+00 2.174169520243558917e+00
1.625355305022330388e+00 2.174294402432814799e+00
1.627082901014796468e+00 2.174346651464054592e+00
1.630681200921227703e+00 2.171077461870676295e+00
1.609273838172592175e+00 2.177337035449370628e+00
1.611345388468937490e+00 2.177246971828713296e+00
1.613382234795847525e+00 2.177122807988954634e+00
1.615316667582654908e+00 2.177091796663674472e+00
1.603981369932771184e+00 2.196774927138444244e+00
1.604727019916455832e+00 2.198455412796693764e+00
1.606546905545596760e+00 2.198097194896897477e+00
1.605347854839180854e+00 2.200123261486161219e+00
1.607101910773581555e+00 2.199783073141688750e+00
1.605865464014039290e+00 2.201782830741290109e+00
1.607576430900684361e+00 2.201461659095021783e+00
1.606286553130128247e+00 2.203431878130173605e+00
1.606624226891671281e+00 2.205078109849591073e+00
1.606901691247738739e+00 2.206715467104522599e+00
1.608558795515778961e+00 2.206469300277240198e+00
1.607120141257732504e+00 2.208344774685511158e+00
1.608774619434325759e+00 2.208131582638716672e+00
1.607309043324135045e+00 2.209991600537639211e+00
1.608964752162775680e+00 2.209792792251140003e+00
1.610612033394275056e+00 2.209595261544155420e+00
1.628947153665108338e+00 2.181369895612492726e+00
1.627569754180400619e+00 2.182103795161731252e+00
1.631993124795442007e+00 2.180993169576513679e+00
1.631837295141726374e+00 2.181010284648334352e+00
1.630597468119325377e+00 2.180982017899952385e+00
1.633557946902886027e+00 2.180508596221605977e+00
1.635208945069924313e+00 2.180016168060570969e+00
1.625819652953338856e+00 2.183474867190406954e+00
1.625372112307364780e+00 2.183977919288709213e+00
1.624235206141272814e+00 2.185758153861805830e+00
1.623391529857798554e+00 2.187499725368040160e+00
1.622573217769300413e+00 2.189212481112519537e+00
1.636888263883785832e+00 2.179658843776762112e+00
1.636035211030877123e+00 2.179862701669760039e+00
1.622398756767870598e+00 2.189574300937943807e+00
1.621942802332295042e+00 2.190922521693023928e+00
1.621992302207430958e+00 2.192635551646223480e+00
1.622325844041076381e+00 2.193554188196928934e+00
1.622940368730854344e+00 2.194381971963744515e+00
1.624490129312224918e+00 2.195627533993716796e+00
1.625307817303319746e+00 2.196218701106209092e+00
1.626727651466981728e+00 2.197246204614712983e+00
1.627821075088123237e+00 2.198104392242538729e+00
1.629318718983287617e+00 2.198964598415702021e+00
1.630371621883943467e+00 2.199914904399007831e+00
1.630624462009292452e+00 2.201111103673984104e+00
1.630688933299793142e+00 2.201602303593262366e+00
1.630959277953570208e+00 2.203265357695781024e+00
1.631277474727854671e+00 2.204932893817076245e+00
1.631436334038520730e+00 2.205715477783419587e+00
1.631701693725481794e+00 2.206617437825714401e+00
1.631817409883163927e+00 2.208287560458010113e+00
1.631495974019737893e+00 2.209934052543691685e+00
1.601964025767253830e+00 2.175961547306420218e+00
1.600630601086370008e+00 2.177715629294787902e+00
1.603535064905398100e+00 2.176649738274505363e+00
1.605288333972231918e+00 2.177104284755539965e+00
1.602198877191346460e+00 2.178440891083404107e+00
1.603987771128638773e+00 2.178904473539425624e+00
1.599107150250239640e+00 2.179594718859020563e+00
1.597347983689363593e+00 2.181623658371241170e+00
1.600694819017697057e+00 2.180337509970923016e+00
1.602556969064208525e+00 2.180786870680972989e+00
1.598968444361748675e+00 2.182371334926297202e+00
1.600972821885068731e+00 2.182767092532857944e+00
1.595308704741641881e+00 2.183839859657499272e+00
1.593064357404427644e+00 2.186337116011525694e+00
1.596911803679174513e+00 2.184576264992829753e+00
1.599221696373240631e+00 2.184846106351230777e+00
1.594193785243197103e+00 2.186999921789560819e+00
1.597362825349859738e+00 2.186996210677749630e+00
1.591574916722129585e+00 2.189330080413825375e+00
1.592542147022109944e+00 2.191755855818376730e+00
1.589999999999999636e+00 2.190000000000001279e+00
1.595942271992250472e+00 2.189059511323593998e+00
1.593773806135850402e+00 2.191353693512241740e+00
1.596980756925245881e+00 2.190636951174569358e+00
1.594000942593826409e+00 2.193529553135638910e+00
1.596085087434706118e+00 2.192952229221764249e+00
1.598466109445724870e+00 2.192292302132433868e+00
1.598037953021675062e+00 2.194719112056078281e+00
1.599909423569068068e+00 2.193963919414091635e+00
1.599521245862291163e+00 2.196318737962684953e+00
1.601184072507324752e+00 2.195614415470143133e+00
1.623266790817510463e+00 2.175865733517769129e+00
1.625084439660424263e+00 2.175941274202333187e+00
1.628818680752156522e+00 2.174337651476277777e+00
1.626912372778722915e+00 2.175950985831659246e+00
1.628731668463118565e+00 2.175921994434383056e+00
1.630628524902833609e+00 2.172728474862284820e+00
1.632331687726000791e+00 2.172765275782313488e+00
1.634030944071088509e+00 2.172822385205809947e+00
1.630563242722695927e+00 2.174352699419906276e+00
1.632289067966554263e+00 2.174409296683516235e+00
1.630515001106417339e+00 2.175937500811037317e+00
1.632243026716081902e+00 2.176030788702647989e+00
1.633996794638236327e+00 2.174507348984424659e+00
1.635698051858318181e+00 2.174647398992948233e+00
1.633927100906706009e+00 2.176175554914045573e+00
1.635593979388492381e+00 2.176351942893453462e+00
1.607194185024941158e+00 2.177359902301551298e+00
1.605968569144929026e+00 2.179131870482943434e+00
1.608066481862117092e+00 2.179160896184729079e+00
1.610198256190082500e+00 2.179110528995451546e+00
1.612310658665161878e+00 2.179041055761762546e+00
1.604641430629102139e+00 2.180991992174602601e+00
1.606852973439099719e+00 2.181024201285027608e+00
1.603257171351095689e+00 2.182902893165632907e+00
1.605667207600067536e+00 2.182882633686198837e+00
1.609105302390235304e+00 2.180972556670225604e+00
1.611342435946622187e+00 2.180902782366673787e+00
1.608090651147124017e+00 2.182795799873856080e+00
1.610472863878699368e+00 2.182702520966207871e+00
1.617198374487154533e+00 2.177158526773719238e+00
1.614384666707574967e+00 2.179017221143398686e+00
1.616425364043150736e+00 2.179044651519328024e+00
1.619076282076151951e+00 2.177321623358966729e+00
1.620979571482702442e+00 2.177473640205237704e+00
1.618451616126700854e+00 2.179122249953574286e+00
1.620499897331232120e+00 2.179197754314776247e+00
1.613543927650531007e+00 2.180855096491285838e+00
1.615713058231082355e+00 2.180842174717687154e+00
1.612800143398699593e+00 2.182627678958771522e+00
1.615078221833462502e+00 2.182580677314461592e+00
1.617868714898203164e+00 2.180859934784564302e+00
1.620031362110560869e+00 2.180875698205641644e+00
1.617325572966291203e+00 2.182556018273842824e+00
1.619555894102896465e+00 2.182529712246138232e+00
1.601877257819845024e+00 2.184836707498679420e+00
1.604577830733578514e+00 2.184716258366655506e+00
1.600654751373658646e+00 2.186745600444718995e+00
1.603706370613641852e+00 2.186499037384507016e+00
1.607206083036539113e+00 2.184573855009171783e+00
1.609736630207611041e+00 2.184448442784483913e+00
1.606531364357812963e+00 2.186299290506493520e+00
1.609182732037287566e+00 2.186146619101970501e+00
1.599956737521343486e+00 2.188529190586649076e+00
1.603238562523643607e+00 2.188197317126994612e+00
1.600276458414016334e+00 2.190158815123209202e+00
1.603316067908341358e+00 2.189830399123360305e+00
1.606156701242675400e+00 2.187967213476067041e+00
1.608855006294516388e+00 2.187802924909174607e+00
1.606128568125629652e+00 2.189598505169308762e+00
1.608768114409057981e+00 2.189435386848388010e+00
1.612174533067971760e+00 2.184350358992674934e+00
1.614535726412153593e+00 2.184279841986718651e+00
1.611697964071762801e+00 2.186033855154754679e+00
1.614109704138465329e+00 2.185952823463959138e+00
1.616839863948722256e+00 2.184229826143245567e+00
1.619097549825723625e+00 2.184183504808743681e+00
1.616438769754370952e+00 2.185893803481583575e+00
1.618698922991572919e+00 2.185846380942471967e+00
1.611396047499885409e+00 2.187686968847522007e+00
1.613819360620217358e+00 2.187606771248978621e+00
1.611272467451107415e+00 2.189323585783875092e+00
1.613669762013360875e+00 2.189250719643214271e+00
1.616146363631137728e+00 2.187552409235482997e+00
1.618394242433844887e+00 2.187516351210504251e+00
1.615974365462287787e+00 2.189208384723420053e+00
1.618199687321113078e+00 2.189190146811967441e+00
1.622916805178302058e+00 2.177563389330478216e+00
1.624874538534454071e+00 2.177584679843670212e+00
1.622579990082303025e+00 2.179229698554840056e+00
1.624705010792914628e+00 2.179195953340800962e+00
1.626835559659094432e+00 2.177539913362262602e+00
1.628751758131713467e+00 2.177455063340325125e+00
1.626886965216266079e+00 2.179079846722990599e+00
1.629086144763368660e+00 2.178872351406369479e+00
1.622223263589509745e+00 2.180856616698737316e+00
1.624488171319277141e+00 2.180763653694923754e+00
1.621788825088757324e+00 2.182478257260097365e+00
1.624042836661700795e+00 2.182375033292596633e+00
1.626935531561169324e+00 2.180521649506172110e+00
1.629999999999999893e+00 2.180000000000000160e+00
1.626326395088899979e+00 2.182217952630879587e+00
1.630541569999167884e+00 2.177483968405444781e+00
1.632210688527701015e+00 2.177646348387467956e+00
1.630673431595430101e+00 2.179014716208822033e+00
1.632158024517334605e+00 2.179299550550662712e+00
1.633827510408270012e+00 2.177846110394773049e+00
1.635441689183815273e+00 2.178050301683788881e+00
1.633679680343986362e+00 2.179544066319180295e+00
1.635244382705378197e+00 2.179758265857881572e+00
1.630709213696243554e+00 2.180645375381093487e+00
1.621321136469478841e+00 2.184128116655993601e+00
1.623510347978210033e+00 2.184053980606222467e+00
1.620898237691387411e+00 2.185805950836459566e+00
1.623037657300200998e+00 2.185770619095741996e+00
1.620568705037964463e+00 2.187496069802493448e+00
1.622677149505570515e+00 2.187492426621070241e+00
1.620351027097653107e+00 2.189189984504442243e+00
1.622433909167294575e+00 2.189208770879913057e+00
1.637264676055310009e+00 2.176565224600830906e+00
1.637074534901513667e+00 2.178262498778122058e+00
1.601110935325221751e+00 2.191799651687486250e+00
1.603785143771558896e+00 2.191459208158782257e+00
1.602110612135680290e+00 2.193451076181362147e+00
1.604456359222609541e+00 2.193101096946883377e+00
1.606387709781596618e+00 2.191224445800550757e+00
1.608893740112186999e+00 2.191064713976685674e+00
1.606829090216403744e+00 2.192862470228704286e+00
1.609178703966276824e+00 2.192703496230508087e+00
1.603095110404305856e+00 2.195110863915505028e+00
1.605196523954002696e+00 2.194758767551829415e+00
1.605894667590316516e+00 2.196432395095868184e+00
1.607365493860120509e+00 2.194517635302740910e+00
1.609558138072158640e+00 2.194355387407907809e+00
1.607919396167592163e+00 2.196185130151878440e+00
1.609982552311456150e+00 2.196018803688231102e+00
1.611311297509980367e+00 2.190959374209665800e+00
1.613653672068168010e+00 2.190894994447482702e+00
1.611485491323044972e+00 2.192601970430253289e+00
1.613751521643658426e+00 2.192544037376414678e+00
1.615919885806938794e+00 2.190865130456832510e+00
1.618116222434220708e+00 2.190864410198766876e+00
1.615966758969505923e+00 2.192523893535696544e+00
1.618128718048040149e+00 2.192538504099541541e+00
1.611749885489856426e+00 2.194252309580960070e+00
1.613932451067465745e+00 2.194197345216112538e+00
1.612068538801810114e+00 2.195911382468916706e+00
1.614166717263335160e+00 2.195855362251462051e+00
1.616087940722308325e+00 2.194182967424482822e+00
1.618214551534224999e+00 2.194206100756701527e+00
1.616260637353786445e+00 2.195842260253773048e+00
1.618348063929908598e+00 2.195869060173732734e+00
1.608450638017915768e+00 2.197861634317692214e+00
1.610408211182627225e+00 2.197690349909130703e+00
1.608926805702133978e+00 2.199542518958223170e+00
1.610807014526414171e+00 2.199368774885238409e+00
1.607977384708661361e+00 2.203135859943082142e+00
1.609345502910634496e+00 2.201227325989152828e+00
1.611164376699401934e+00 2.201050521186966424e+00
1.609705142421326007e+00 2.202909841843838645e+00
1.611473540628729717e+00 2.202733452766961975e+00
1.612401720785601622e+00 2.197576654058448042e+00
1.614420497132383669e+00 2.197515366383479662e+00
1.612725337863305297e+00 2.199249172920414885e+00
1.614674240672916206e+00 2.199180584647191683e+00
1.616454807990522324e+00 2.197499125455579350e+00
1.618501072749551906e+00 2.197523419130736677e+00
1.616648139269516449e+00 2.199156991487845048e+00
1.618644542129038966e+00 2.199173335413421970e+00
1.613020055154238186e+00 2.200926273471521366e+00
1.614907263755124278e+00 2.200850448619950050e+00
1.613275648997150480e+00 2.202605454547263530e+00
1.615108444997270798e+00 2.202523661678692957e+00
1.616821487626890264e+00 2.200818365925825582e+00
1.618761072646740518e+00 2.200825163629089865e+00
1.616967028045700250e+00 2.202484445074811781e+00
1.618848170860439417e+00 2.202483555399741721e+00
1.620246842242035301e+00 2.190886998439853794e+00
1.620238994091839801e+00 2.192582367181210135e+00
1.620310558521299571e+00 2.194266154071988328e+00
1.622370289679867295e+00 2.194353760409902154e+00
1.620428600806120389e+00 2.195933638781297770e+00
1.622498716403398378e+00 2.196035904238298198e+00
1.624551297705961073e+00 2.196162229089026585e+00
1.620560350204768296e+00 2.197586752611410343e+00
1.622636559614707652e+00 2.197688968845025848e+00
1.620666387736856784e+00 2.199226831589306652e+00
1.622726941738134698e+00 2.199316687645966883e+00
1.624742824195049895e+00 2.197835346927335731e+00
1.626888746425216192e+00 2.198014167937051511e+00
1.624861221231271857e+00 2.199449120342703790e+00
1.627160890310157981e+00 2.199654475201825221e+00
1.620726968661691636e+00 2.200866555830562454e+00
1.622724628753073439e+00 2.200939513181612739e+00
1.620748676930489518e+00 2.202517095651409296e+00
1.622666179329358860e+00 2.202582143119192981e+00
1.624768374846685459e+00 2.201044951497512780e+00
1.626860337647650701e+00 2.201198760313284097e+00
1.624600897267262978e+00 2.202679438402676215e+00
1.626523649331557575e+00 2.202820515658392875e+00
1.629999999999999449e+00 2.200000000000001066e+00
1.628918834207458755e+00 2.201439551270671480e+00
1.630493410003220456e+00 2.201590489150407670e+00
1.628372284447038298e+00 2.203015981813214896e+00
1.630097489710151448e+00 2.203199094360623000e+00
1.608295558536789960e+00 2.204805015396347212e+00
1.610000292014518886e+00 2.204589313286637875e+00
1.611731954426706359e+00 2.204415952278186985e+00
1.610240087823261224e+00 2.206263452282647197e+00
1.611943713010637547e+00 2.206094531723410856e+00
1.610437834969217885e+00 2.207931720924279695e+00
1.612118021166641713e+00 2.207768282593896014e+00
1.612266551612552279e+00 2.209436604467690302e+00
1.613491077785111916e+00 2.204286136936470353e+00
1.615276858559109519e+00 2.204200134460829297e+00
1.613668148118495349e+00 2.205964695072646364e+00
1.615413687369003259e+00 2.205876669925196598e+00
1.617084848806593644e+00 2.204155938735210984e+00
1.618910366101390830e+00 2.204150662882127243e+00
1.617176816630532477e+00 2.205829883581658102e+00
1.618953798725872639e+00 2.205822799896608011e+00
1.613811975710950142e+00 2.207639949997754147e+00
1.615521742464896660e+00 2.207551674916414797e+00
1.613931607255271627e+00 2.209310805004453204e+00
1.615606769365840689e+00 2.209223405647452676e+00
1.617245202002477011e+00 2.207504355566373810e+00
1.618980601218591664e+00 2.207497259882637675e+00
1.617292746384239033e+00 2.209176646689339663e+00
1.618990034997654259e+00 2.209170170169695524e+00
1.620748959708053327e+00 2.204181122991085928e+00
1.622595885172995356e+00 2.204244468750196084e+00
1.620740517222662991e+00 2.205852857403272971e+00
1.622531933416912819e+00 2.205916990830669722e+00
1.624447143034282171e+00 2.204340177218243824e+00
1.626278292710480633e+00 2.204473600495722163e+00
1.624322995211378906e+00 2.206012382100386304e+00
1.626103724341345869e+00 2.206138209375064996e+00
1.620725137805029359e+00 2.207528575789495573e+00
1.622474113395292461e+00 2.207594910467152172e+00
1.620698070011461711e+00 2.209202982469335108e+00
1.622415555746365978e+00 2.209272489057682254e+00
1.624223087347419270e+00 2.207689582087833724e+00
1.625971204226192457e+00 2.207806563002017608e+00
1.624142936840739848e+00 2.209367935771418434e+00
1.625864553963920489e+00 2.209474110552177795e+00
1.628066092871597981e+00 2.204643367000308718e+00
1.629814802745136459e+00 2.204814342935512261e+00
1.627866421490588689e+00 2.206290119035094754e+00
1.629612288796477015e+00 2.206448732425379422e+00
1.631340711713999525e+00 2.206592252044874858e+00
1.627716031643300365e+00 2.207945358967701388e+00
1.629455680029546549e+00 2.208096187398217225e+00
1.627587753457657715e+00 2.209602818674112790e+00
1.629313654939190670e+00 2.209749514724274722e+00
1.631191718428308901e+00 2.208241569854234587e+00
1.631058968985481084e+00 2.209900293760765244e+00
1.624086750555388425e+00 2.211049859078083379e+00
1.625771941958356726e+00 2.211142069991612225e+00
1.627463066751595244e+00 2.211263319293201413e+00
1.629152896593036193e+00 2.211404035854424244e+00
1.641938130804994511e+00 2.194485836135458445e+00
1.640912867420090127e+00 2.195315371006991700e+00
1.643625432514319806e+00 2.194127944854916912e+00
1.640455112881374244e+00 2.196951116300144502e+00
1.645266353206737531e+00 2.194838520443330054e+00
1.640804469395690468e+00 2.198636025858159204e+00
1.641523135398829991e+00 2.200342327056403313e+00
1.641711075793832464e+00 2.200954669860104129e+00
1.642208205067877680e+00 2.202045281931202858e+00
1.643309673763841294e+00 2.202706794395054235e+00
1.628416076056298234e+00 2.182121968765118325e+00
1.631983864037725995e+00 2.181042469283508201e+00
1.629962642212448687e+00 2.182458893603295369e+00
1.631489367113269084e+00 2.182770589545431683e+00
1.633432701887259642e+00 2.181271534710993443e+00
1.634971138497002041e+00 2.181475366750568856e+00
1.633054749683182871e+00 2.182995480537113675e+00
1.634646099972260958e+00 2.183181983217481914e+00
1.625619826437328941e+00 2.183975747469565576e+00
1.627559329436576219e+00 2.184034691130029682e+00
1.625080750228817816e+00 2.185766350409449110e+00
1.627000646747126522e+00 2.185846318170880043e+00
1.624695962320354736e+00 2.187530717311656048e+00
1.626624696093809996e+00 2.187614114988694514e+00
1.624445824235097202e+00 2.189275572951866256e+00
1.626384560217758235e+00 2.189357894973850804e+00
1.629303374064189125e+00 2.184245005220351477e+00
1.630994285965764901e+00 2.184484184167484688e+00
1.628824058504420247e+00 2.186004390097882055e+00
1.630593358500825873e+00 2.186192095213230324e+00
1.632666693536248603e+00 2.184689351074839525e+00
1.634324765755534203e+00 2.184866041801247327e+00
1.632329015361455582e+00 2.186371978224157520e+00
1.634038954363159490e+00 2.186536491810942451e+00
1.628483968730566334e+00 2.187742631725111853e+00
1.630293802596605168e+00 2.187894699272569632e+00
1.628260032177930361e+00 2.189467235173963022e+00
1.630088365644538406e+00 2.189592942704647438e+00
1.632066206800969699e+00 2.188050011928955207e+00
1.633808641306362830e+00 2.188199715456075278e+00
1.631879304830675448e+00 2.189725498719897523e+00
1.633638523933423903e+00 2.189859203690196932e+00
1.636835529671078371e+00 2.179974094723946987e+00
1.638412195330499976e+00 2.180211749086219619e+00
1.640042743865220087e+00 2.180439942705690637e+00
1.636548521934120037e+00 2.181672570801197253e+00
1.638150707576468079e+00 2.181875136326868247e+00
1.636254933274890577e+00 2.183359168153725882e+00
1.637878820516357914e+00 2.183533926264451530e+00
1.639777388466680863e+00 2.182084630035044714e+00
1.639505328644974336e+00 2.183703082964445930e+00
1.641123958848412334e+00 2.183845690406992279e+00
1.635977205982436899e+00 2.185030512075321507e+00
1.637629707043463112e+00 2.185187725494145194e+00
1.635731532423217338e+00 2.186690234866339733e+00
1.637413426739126709e+00 2.186834960276623274e+00
1.639278689739652961e+00 2.185334663633094365e+00
1.640920769706636584e+00 2.185462351005556414e+00
1.639085722960440084e+00 2.186969435652024618e+00
1.640749581448664784e+00 2.187088229776734227e+00
1.635529073798549282e+00 2.188342243971077128e+00
1.637233068134768654e+00 2.188477351226923329e+00
1.635373473939774946e+00 2.189990731644987587e+00
1.637089931295461653e+00 2.190117814843739907e+00
1.638923376153526235e+00 2.188603673275397288e+00
1.640603957504819244e+00 2.188717520336138200e+00
1.638791041931186854e+00 2.190238006514705571e+00
1.640481127939194650e+00 2.190348535958133613e+00
1.642552989369496341e+00 2.185557589500548126e+00
1.642405054727181790e+00 2.187184490935417447e+00
1.644051608410925569e+00 2.187256029540601610e+00
1.642276630090473422e+00 2.188815663313907756e+00
1.643942372761042270e+00 2.188897697307688350e+00
1.642163086736565969e+00 2.190447932013098065e+00
1.643839150400000726e+00 2.190537854709979637e+00
1.645601516046727886e+00 2.188967633794033141e+00
1.645509659953363180e+00 2.190623641284966894e+00
1.622313427919874540e+00 2.190933532706918374e+00
1.622292611061691536e+00 2.192646048584092178e+00
1.624318656215944401e+00 2.191005801964685418e+00
1.626257561832096243e+00 2.191090715777890274e+00
1.624294802058012355e+00 2.192731423307094474e+00
1.626232867636871360e+00 2.192822820250162064e+00
1.624369178255447244e+00 2.194452605976098702e+00
1.626317111075661348e+00 2.194554000255253268e+00
1.626529376215930078e+00 2.196296072305709668e+00
1.628136606844892142e+00 2.191186690940455595e+00
1.629968540251860887e+00 2.191290156143136159e+00
1.628107855059860887e+00 2.192906615197137477e+00
1.629933480180205452e+00 2.192987860687646506e+00
1.631764036644068661e+00 2.191401118527976255e+00
1.633527716951661102e+00 2.191518894362916026e+00
1.631720557770596658e+00 2.193077813843452351e+00
1.633474701252561889e+00 2.193181226723019073e+00
1.628187980469313123e+00 2.194631400034446678e+00
1.629993067438592735e+00 2.194687658701337973e+00
1.628414503154725468e+00 2.196369183665462188e+00
1.630167778664629141e+00 2.196393172260763027e+00
1.631751894839225336e+00 2.194756617671854038e+00
1.633476518826255219e+00 2.194848849755769660e+00
1.631857329796502887e+00 2.196442614544678928e+00
1.633522415619446111e+00 2.196528743020177199e+00
1.628888522415588014e+00 2.198140508621464928e+00
1.630493888684179993e+00 2.198111604981415557e+00
1.630807503429964944e+00 2.199893124422242163e+00
1.632015697392414033e+00 2.198147771365439596e+00
1.633583599849491863e+00 2.198230106624732283e+00
1.632119701083496910e+00 2.199903906874655757e+00
1.633602891280910407e+00 2.199958447897144787e+00
1.631990016180469238e+00 2.201640261114090169e+00
1.633523927395452935e+00 2.201684597365494156e+00
1.631754246812897602e+00 2.203306639902608222e+00
1.633375363870354757e+00 2.203374668305183803e+00
1.631529629563442718e+00 2.204949466334292563e+00
1.633206772018306108e+00 2.205040378429949044e+00
1.633050124075433596e+00 2.206696632489742793e+00
1.632916119760227325e+00 2.208356830014380545e+00
1.632802364652664373e+00 2.210020104973130284e+00
1.635265300197008553e+00 2.191640232582134473e+00
1.636983652966150338e+00 2.191760774605951756e+00
1.635202599512710409e+00 2.193293940578984635e+00
1.636912072706883325e+00 2.193409224519920375e+00
1.638686823307347051e+00 2.191876311121230270e+00
1.640378340406495994e+00 2.191983779482536754e+00
1.638608480647428811e+00 2.193521218509377757e+00
1.640294754032827429e+00 2.193625781474751069e+00
1.635179451855874877e+00 2.194955481396925201e+00
1.636869732844647762e+00 2.195066279255526887e+00
1.635183369539543241e+00 2.196630979310370435e+00
1.636845831773842797e+00 2.196736406767487271e+00
1.638552501460804889e+00 2.195174226837037779e+00
1.640230294797846655e+00 2.195275907218201983e+00
1.638510566925110101e+00 2.196838569594727453e+00
1.640177844493966530e+00 2.196935687509760093e+00
1.642061669788706713e+00 2.192082610210968063e+00
1.643739116872100725e+00 2.192176924523921766e+00
1.641972411351479311e+00 2.193721724439193554e+00
1.643641509928405853e+00 2.193811929515538495e+00
1.645411483085436277e+00 2.192275866345238633e+00
1.645310880843002144e+00 2.193931728378014867e+00
1.635191575479966852e+00 2.198324179325191974e+00
1.636824181046098614e+00 2.198420040917018259e+00
1.635173458766074228e+00 2.200033652559223896e+00
1.636787197010834527e+00 2.200114920322745693e+00
1.638471253116122073e+00 2.198513171428478685e+00
1.640128194000877837e+00 2.198601933748700166e+00
1.638423571357179753e+00 2.200196815926132032e+00
1.640074093653839604e+00 2.200276414777609268e+00
1.635107488539332632e+00 2.201743955846079182e+00
1.636724018562586647e+00 2.201812346045303848e+00
1.634999950768635246e+00 2.203438410001253178e+00
1.636635847729942528e+00 2.203502913101268668e+00
1.638360684511509957e+00 2.201883829866396969e+00
1.640010911654288250e+00 2.201955102565635869e+00
1.638282404461763209e+00 2.203568287033086381e+00
1.639937753870789328e+00 2.203633456138946123e+00
1.641669973686108897e+00 2.202023801821627380e+00
1.641599051974998114e+00 2.203697471713516709e+00
1.643264808728451598e+00 2.203761047509659843e+00
1.634871951628186881e+00 2.205116233262377268e+00
1.636532605145986530e+00 2.205184164116321455e+00
1.634743948952722903e+00 2.206783450030651572e+00
1.636426637868541034e+00 2.206857262345368831e+00
1.638194140122723574e+00 2.205248239912694697e+00
1.639858176155233105e+00 2.205310172982991812e+00
1.638104087789765462e+00 2.206922807486096705e+00
1.639778096498841764e+00 2.206983592261673621e+00
1.634627987922659953e+00 2.208449140630563967e+00
1.636327946112477116e+00 2.208526915633530319e+00
1.634529273721892384e+00 2.210115402939315743e+00
1.636242830117097258e+00 2.210195453187293602e+00
1.638019890350308705e+00 2.208594354913269164e+00
1.639703542410474446e+00 2.208655119869323613e+00
1.637946205879960093e+00 2.210264065269941014e+00
1.639638422414866792e+00 2.210325030540751357e+00
1.641524143269942115e+00 2.205370649281755746e+00
1.643191704145589904e+00 2.205431893441968327e+00
1.641449531288808661e+00 2.207041511051979654e+00
1.643119522724538983e+00 2.207099730235220658e+00
1.641380593838166035e+00 2.208711342155377011e+00
1.643053233357748555e+00 2.208766109883455009e+00
1.641320808799880515e+00 2.210380526943894974e+00
1.642995862906930338e+00 2.210433031849419638e+00
1.641903807647080216e+00 2.195368821244704005e+00
1.643575790190661801e+00 2.195445673909064865e+00
1.641846753656725388e+00 2.197022099313891363e+00
1.643517676950574602e+00 2.197097171432510709e+00
1.645245907821791365e+00 2.195500329100501968e+00
1.645188357456191186e+00 2.197160548847993944e+00
1.641791325555457037e+00 2.198683154713037879e+00
1.643459088882685437e+00 2.198756068362005767e+00
1.641733384297551668e+00 2.200351532390817155e+00
1.643399078036789529e+00 2.200419647017318514e+00
1.645128371947223611e+00 2.198823656691472284e+00
1.643335212938099810e+00 2.202089561047000821e+00
1198 3
8 10 9
11 9 10
9 11 0
1 0 11
11 12 1
2 1 12
12 13 2
3 2 13
13 14 3
4 3 14
14 5 4
53 56 55
53 54 56
55 58 57
55 56 58
57 62 61
57 58 62
59 63 60
59 61 63
61 64 63
61 62 64
60 63 15
16 15 63
63 64 16
17 16 64
66 18 19
66 65 18
65 68 67
65 66 68
67 70 69
67 68 70
69 70 71
75 54 1
0 1 54
76 75 2
1 2 75
77 76 3
2 3 76
78 77 4
3 4 77
78 4 5
54 75 56
82 56 75
75 76 82
83 82 76
56 82 58
84 58 82
82 83 84
85 84 83
76 86 83
76 77 86
77 87 86
77 78 87
83 88 85
83 86 88
86 89 88
86 87 89
58 84 62
90 62 84
84 91 90
84 85 91
62 92 64
62 90 92
90 93 92
90 91 93
85 94 91
85 88 94
88 95 94
88 89 95
91 96 93
91 94 96
94 97 96
94 95 97
98 5 7
98 87 5
87 78 5
79 99 6
99 98 6
98 7 6
87 98 89
100 89 98
98 99 100
101 100 99
79 80 99
102 99 80
80 81 102
103 102 81
99 102 101
104 101 102
102 103 104
105 104 103
89 100 95
106 95 100
100 101 106
107 106 101
95 106 97
108 97 106
106 107 108
109 108 107
101 104 107
110 107 104
104 105 110
111 110 105
107 110 109
112 109 110
110 111 112
113 112 111
81 114 103
115 103 114
103 115 105
117 105 115
115 116 117
118 117 116
116 121 118
116 119 121
119 120 121
122 121 120
105 117 111
123 111 117
117 118 123
124 123 118
113 111 21
111 123 21
123 20 21
123 22 20
123 124 22
118 121 124
125 124 121
125 121 24
121 23 24
121 122 23
124 25 22
124 125 25
125 24 25
122 120 27
120 126 27
126 26 27
126 28 26
122 27 23
64 92 17
29 17 92
92 30 29
92 93 30
93 127 30
127 31 30
93 96 127
128 127 96
96 129 128
96 97 129
127 128 31
32 31 128
128 33 32
128 129 33
97 108 129
130 129 108
130 108 35
108 34 35
108 109 34
129 36 33
129 130 36
130 35 36
109 37 34
109 112 37
112 38 37
112 113 38
113 21 38
131 66 39
19 39 66
131 39 40
66 132 68
66 131 132
133 132 41
132 40 41
132 131 40
68 134 70
68 132 134
132 133 134
135 134 133
133 41 42
135 42 43
135 133 42
70 136 71
70 134 136
134 135 136
137 136 135
71 138 72
71 136 138
138 44 45
138 136 44
136 137 44
137 135 46
43 46 135
137 46 44
72 138 73
139 73 138
139 138 47
45 47 138
73 139 74
140 74 139
141 140 48
140 139 48
139 47 48
141 48 49
140 141 142
143 142 141
142 143 144
145 144 143
143 49 50
143 141 49
146 145 51
145 50 51
145 143 50
146 51 52
182 180 16
15 16 180
183 182 17
16 17 182
180 182 181
184 181 182
182 183 184
185 184 183
181 188 186
181 184 188
184 189 188
184 185 189
186 188 187
190 187 188
188 189 190
191 190 189
187 190 192
194 192 190
190 191 194
195 194 191
192 194 193
196 193 194
194 195 196
197 196 195
193 196 198
200 198 196
196 201 200
196 197 201
198 200 199
202 199 200
200 203 202
200 201 203
199 202 204
205 204 202
202 206 205
202 203 206
205 208 207
205 206 208
207 210 209
207 208 210
209 210 18
19 18 210
211 21 20
212 20 22
212 211 20
213 24 23
214 22 25
214 212 22
213 215 24
215 214 24
214 25 24
216 27 26
217 26 28
217 216 26
216 219 27
219 23 27
219 213 23
216 217 219
220 219 217
213 219 215
221 215 219
219 220 221
222 221 220
217 218 220
223 220 218
220 223 222
225 222 223
223 224 225
226 225 224
227 183 29
17 29 183
227 29 30
183 227 185
228 185 227
229 228 31
228 30 31
228 227 30
230 229 32
31 32 229
231 32 33
231 230 32
185 232 189
185 228 232
228 233 232
228 229 233
189 234 191
189 232 234
232 235 234
232 233 235
229 236 233
229 230 236
230 231 236
237 236 231
233 236 235
238 235 236
236 237 238
239 238 237
240 35 34
241 33 36
241 231 33
240 242 35
242 241 35
241 36 35
243 34 37
243 240 34
244 37 38
244 243 37
240 243 242
245 242 243
243 244 245
246 245 244
231 241 237
247 237 241
241 242 247
248 247 242
237 247 239
249 239 247
247 248 249
250 249 248
242 245 248
251 248 245
245 246 251
252 251 246
248 251 250
253 250 251
251 252 253
254 253 252
191 234 195
255 195 234
234 235 255
256 255 235
195 255 197
257 197 255
255 256 257
258 257 256
235 238 256
259 256 238
238 239 259
260 259 239
256 259 258
261 258 259
259 260 261
262 261 260
197 257 201
263 201 257
257 258 263
264 263 258
201 265 203
201 263 265
263 266 265
263 264 266
258 261 264
267 264 261
261 262 267
268 267 262
264 267 266
269 266 267
267 268 269
270 269 268
239 249 260
271 260 249
249 250 271
272 271 250
260 271 262
273 262 271
271 272 273
274 273 272
250 253 272
275 272 253
253 254 275
276 275 254
272 275 274
277 274 275
275 276 277
278 277 276
262 273 268
279 268 273
273 274 279
280 279 274
268 281 270
268 279 281
279 280 281
282 281 280
274 277 280
283 280 277
277 278 283
284 283 278
280 283 282
285 282 283
283 286 285
283 284 286
211 287 21
287 244 21
244 38 21
211 212 287
288 287 212
244 287 246
289 246 287
287 288 289
290 289 288
212 214 288
291 288 214
214 215 291
292 291 215
288 291 290
293 290 291
291 292 293
294 293 292
246 289 252
295 252 289
289 290 295
296 295 290
252 295 254
297 254 295
295 296 297
298 297 296
290 293 296
299 296 293
293 294 299
300 299 294
296 299 298
301 298 299
301 299 148
299 147 148
299 300 147
215 221 292
302 292 221
221 222 302
303 302 222
292 302 294
304 294 302
302 303 304
305 304 303
222 225 303
306 303 225
225 226 306
307 306 226
303 306 305
308 305 306
306 307 308
309 308 307
294 304 300
310 300 304
310 304 150
304 305 150
305 149 150
300 151 147
300 310 151
310 150 151
305 152 149
305 308 152
308 153 152
308 309 153
254 297 276
311 276 297
297 298 311
312 311 298
276 311 278
313 278 311
311 312 313
314 313 312
312 154 155
312 298 154
298 301 154
301 148 154
314 312 156
155 156 312
278 313 284
315 284 313
313 314 315
316 315 314
284 315 286
317 286 315
315 316 317
318 317 316
316 314 157
156 157 314
318 316 158
157 158 316
226 319 307
320 307 319
309 307 160
307 320 160
320 159 160
309 160 153
203 321 206
203 265 321
265 322 321
265 266 322
206 323 208
206 321 323
321 324 323
321 322 324
266 325 322
266 269 325
269 326 325
269 270 326
322 327 324
322 325 327
325 326 327
328 327 326
208 323 210
329 210 323
323 324 329
330 329 324
210 329 19
39 19 329
329 330 39
330 40 39
330 331 40
324 327 330
332 330 327
327 333 332
327 328 333
330 334 331
330 332 334
332 335 334
332 333 335
270 336 326
270 281 336
281 337 336
281 282 337
326 336 328
338 328 336
336 339 338
336 337 339
282 340 337
282 285 340
285 341 340
285 286 341
337 342 339
337 340 342
340 343 342
340 341 343
328 344 333
328 338 344
338 345 344
338 339 345
333 344 335
346 335 344
344 347 346
344 345 347
339 348 345
339 342 348
342 349 348
342 343 349
345 348 347
350 347 348
348 351 350
348 349 351
331 41 40
331 334 41
334 42 41
334 352 42
334 353 352
334 335 353
352 43 42
352 354 43
352 355 354
352 353 355
356 45 44
354 357 43
46 43 357
354 355 357
358 357 355
357 359 46
359 44 46
359 356 44
357 358 359
360 359 358
335 361 353
335 346 361
346 362 361
346 347 362
353 363 355
353 361 363
361 364 363
361 362 364
347 365 362
347 350 365
350 366 365
350 351 366
362 367 364
362 365 367
365 368 367
365 366 368
355 363 358
369 358 363
363 370 369
363 364 370
358 369 360
371 360 369
369 372 371
369 370 372
364 373 370
364 367 373
367 374 373
367 368 374
370 375 372
370 373 375
373 376 375
373 374 376
286 317 341
377 341 317
377 317 162
317 161 162
317 318 161
341 378 343
341 377 378
378 162 163
378 377 162
318 158 161
343 379 349
343 378 379
380 379 164
379 378 164
378 163 164
349 381 351
349 379 381
379 382 381
379 380 382
380 164 165
383 382 166
382 165 166
382 380 165
383 166 167
351 384 366
351 381 384
381 382 384
385 384 382
366 386 368
366 384 386
384 387 386
384 385 387
382 388 385
382 383 388
389 388 168
388 167 168
388 383 167
385 390 387
385 388 390
388 391 390
388 389 391
368 392 374
368 386 392
386 393 392
386 387 393
374 394 376
374 392 394
392 395 394
392 393 395
387 396 393
387 390 396
390 397 396
390 391 397
393 398 395
393 396 398
396 399 398
396 397 399
389 168 169
400 391 170
391 169 170
391 389 169
400 170 171
391 401 397
391 400 401
402 401 172
401 171 172
401 400 171
397 401 399
403 399 401
401 404 403
401 402 404
402 172 173
404 173 174
404 402 173
356 405 45
47 45 405
405 48 47
356 359 405
406 405 359
359 360 406
407 406 360
405 406 48
406 49 48
406 408 49
406 409 408
406 407 409
408 50 49
408 410 50
408 409 410
411 410 409
410 51 50
410 411 51
411 412 51
412 52 51
360 371 407
413 407 371
371 372 413
414 413 372
407 413 409
415 409 413
413 414 415
416 415 414
372 375 414
417 414 375
375 418 417
375 376 418
414 417 416
419 416 417
417 420 419
417 418 420
409 421 411
409 415 421
415 416 421
422 421 416
411 423 412
411 421 423
421 422 423
424 423 422
416 419 422
425 422 419
419 420 425
426 425 420
422 425 424
427 424 425
425 426 427
428 427 426
376 429 418
376 394 429
394 395 429
430 429 395
418 431 420
418 429 431
429 430 431
432 431 430
395 433 430
395 398 433
398 399 433
434 433 399
430 435 432
430 433 435
433 436 435
433 434 436
420 431 426
437 426 431
431 432 437
438 437 432
426 437 428
439 428 437
437 438 439
440 439 438
432 441 438
432 435 441
435 442 441
435 436 442
438 443 440
438 441 443
441 444 443
441 442 444
399 445 434
399 403 445
403 446 445
403 404 446
434 447 436
434 445 447
445 446 447
448 447 446
446 174 175
446 404 174
449 448 176
448 446 176
446 175 176
449 176 177
436 450 442
436 447 450
447 451 450
447 448 451
442 452 444
442 450 452
450 453 452
450 451 453
448 454 451
448 449 454
454 449 178
177 178 449
451 454 453
455 453 454
455 454 179
178 179 454
443 444 456
457 456 444
444 458 457
444 452 458
452 459 458
452 453 459
453 455 459
470 148 147
471 150 149
472 147 151
472 470 147
471 473 150
473 151 150
473 472 151
474 149 152
474 471 149
475 152 153
475 474 152
471 474 473
476 473 474
474 475 476
477 476 475
478 155 154
470 479 148
479 154 148
479 478 154
478 480 155
156 155 480
478 479 480
481 480 479
480 482 156
157 156 482
480 481 482
483 482 481
482 484 157
158 157 484
482 483 484
485 484 483
470 472 479
486 479 472
472 473 486
487 486 473
479 486 481
488 481 486
486 487 488
489 488 487
473 476 487
490 487 476
476 477 490
491 490 477
487 490 489
492 489 490
490 491 492
493 492 491
481 488 483
494 483 488
488 489 494
495 494 489
483 494 485
496 485 494
494 495 496
497 496 495
489 492 495
498 495 492
492 493 498
499 498 493
495 498 497
500 497 498
498 499 500
501 500 499
502 160 159
503 502 159
502 505 160
505 475 160
475 153 160
502 503 505
506 505 503
475 505 477
507 477 505
505 506 507
508 507 506
503 504 506
509 506 504
506 510 508
506 509 510
477 507 491
512 491 507
507 508 512
513 512 508
491 512 493
514 493 512
512 513 514
515 514 513
508 516 513
508 510 516
510 511 516
517 516 511
513 518 515
513 516 518
516 517 518
519 518 517
493 514 499
520 499 514
514 515 520
521 520 515
499 520 501
522 501 520
520 521 522
523 522 521
515 518 521
524 521 518
518 519 524
525 524 519
521 524 523
526 523 524
524 527 526
524 525 527
517 528 519
529 519 528
519 529 525
531 525 529
529 530 531
532 531 530
525 531 527
533 527 531
531 532 533
534 533 532
532 535 534
536 534 535
537 162 161
537 538 162
163 162 538
484 161 158
484 539 161
539 537 161
484 485 539
540 539 485
537 541 538
537 539 541
539 542 541
539 540 542
538 164 163
538 541 164
541 165 164
541 543 165
541 544 543
541 542 544
543 166 165
543 544 166
544 167 166
544 545 167
485 496 540
546 540 496
496 497 546
547 546 497
540 548 542
540 546 548
546 547 548
549 548 547
497 500 547
550 547 500
500 501 550
551 550 501
547 550 549
552 549 550
550 553 552
550 551 553
542 554 544
542 548 554
548 555 554
548 549 555
544 556 545
544 554 556
554 557 556
554 555 557
549 552 555
558 555 552
552 559 558
552 553 559
555 560 557
555 558 560
558 561 560
558 559 561
545 168 167
545 556 168
556 169 168
556 562 169
556 563 562
556 557 563
562 170 169
562 563 170
563 171 170
563 564 171
557 565 563
557 560 565
560 566 565
560 561 566
563 567 564
563 565 567
565 568 567
565 566 568
564 172 171
564 567 172
567 569 172
569 173 172
567 568 569
570 569 568
569 174 173
569 571 174
569 572 571
569 570 572
571 175 174
571 573 175
571 574 573
571 572 574
573 176 175
573 574 176
574 575 176
575 177 176
575 576 177
178 177 576
576 577 178
179 178 577
501 522 551
578 551 522
522 523 578
579 578 523
551 580 553
551 578 580
578 579 580
581 580 579
523 526 579
582 579 526
526 583 582
526 527 583
579 582 581
584 581 582
582 583 584
585 584 583
553 586 559
553 580 586
580 587 586
580 581 587
559 588 561
559 586 588
586 589 588
586 587 589
581 584 587
590 587 584
584 585 590
591 590 585
587 592 589
587 590 592
590 593 592
590 591 593
527 533 583
594 583 533
533 534 594
595 594 534
583 594 585
596 585 594
594 595 596
597 596 595
534 536 595
598 595 536
595 598 597
599 597 598
591 585 461
585 460 461
585 596 460
596 462 460
596 597 462
593 591 463
461 463 591
597 599 462
561 600 566
561 588 600
588 601 600
588 589 601
566 602 568
566 600 602
600 603 602
600 601 603
589 604 601
589 592 604
592 605 604
592 593 605
601 606 603
601 604 606
604 607 606
604 605 607
568 608 570
568 602 608
602 609 608
602 603 609
570 610 572
570 608 610
608 611 610
608 609 611
603 612 609
603 606 612
606 607 612
613 612 607
609 614 611
609 612 614
612 615 614
612 613 615
605 463 465
605 593 463
607 465 466
607 605 465
616 613 467
613 607 467
607 466 467
616 467 468
613 616 615
617 615 616
618 617 469
617 468 469
617 616 468
572 619 574
572 610 619
610 611 619
620 619 611
574 621 575
574 619 621
619 622 621
619 620 622
611 614 620
623 620 614
614 615 623
624 623 615
620 625 622
620 623 625
623 624 625
626 625 624
575 627 576
575 621 627
621 622 627
628 627 622
576 627 577
629 577 627
627 628 629
630 629 628
622 631 628
622 625 631
625 626 631
632 631 626
628 633 630
628 631 633
631 632 633
634 633 632
615 635 624
615 617 635
617 636 635
617 618 636
624 637 626
624 635 637
635 636 637
638 637 636
626 639 632
626 637 639
637 638 639
640 639 638
632 639 634
641 634 639
639 640 641
642 641 640
643 461 460
644 460 462
644 643 460
643 645 461
463 461 645
643 644 645
646 645 644
647 644 464
462 464 644
644 648 646
644 647 648
645 649 463
465 463 649
645 646 649
650 649 646
649 466 465
649 651 466
649 650 651
652 651 650
646 648 650
653 650 648
650 653 652
651 467 466
651 652 467
652 468 467
652 654 468
654 469 468
5
0
100
200
300
400
